0	1	1	1
1	1	-1	0
2	-1	-1	1
3	1	-1	0
4	1	-1	0
5	1	-1	0
6	1	-1	0
7	1	-1	0
8	1	-1	0
9	1	-1	0
10	1	1	1
11	1	-1	0
12	1	1	1
13	-1	-1	1
14	1	1	1
15	1	-1	0
16	1	-1	0
17	1	-1	0
18	1	1	1
19	1	1	1
20	1	1	1
21	1	-1	0
22	1	1	1
23	1	-1	0
24	1	-1	0
25	1	-1	0
26	1	-1	0
27	-1	-1	1
28	1	-1	0
29	-1	1	0
30	1	-1	0
31	1	-1	0
32	-1	-1	1
33	1	1	1
34	1	-1	0
35	1	-1	0
36	-1	-1	1
37	1	1	1
38	1	-1	0
39	1	-1	0
40	1	-1	0
41	1	1	1
42	1	-1	0
43	1	-1	0
44	1	1	1
45	1	-1	0
46	1	-1	0
47	-1	1	0
48	-1	-1	1
49	1	1	1
50	1	-1	0
51	1	1	1
52	1	-1	0
53	1	-1	0
54	1	-1	0
55	1	-1	0
56	1	-1	0
57	1	1	1
58	-1	-1	1
59	1	1	1
60	1	1	1
61	1	1	1
62	1	-1	0
63	1	1	1
64	1	-1	0
65	1	-1	0
66	1	-1	0
67	1	1	1
68	-1	-1	1
69	1	1	1
70	1	-1	0
71	1	1	1
72	1	-1	0
73	1	-1	0
74	1	-1	0
75	1	-1	0
76	1	1	1
77	1	1	1
78	1	1	1
79	1	1	1
80	1	-1	0
81	1	-1	0
82	1	1	1
83	1	-1	0
84	-1	-1	1
85	1	-1	0
86	1	1	1
87	1	-1	0
88	1	-1	0
89	1	-1	0
90	1	1	1
91	1	-1	0
92	1	1	1
93	1	-1	0
94	1	-1	0
95	1	-1	0
96	1	-1	0
97	1	1	1
98	1	-1	0
99	1	1	1
100	1	-1	0
101	1	1	1
102	1	1	1
103	1	-1	0
104	1	-1	0
105	1	1	1
106	1	1	1
107	1	-1	0
108	1	-1	0
109	1	-1	0
110	1	1	1
111	1	1	1
112	1	-1	0
113	1	-1	0
114	1	-1	0
115	1	-1	0
116	1	1	1
117	1	-1	0
118	1	1	1
119	-1	-1	1
120	1	-1	0
121	1	1	1
122	1	-1	0
123	1	-1	0
124	1	-1	0
125	1	1	1
126	1	-1	0
127	1	-1	0
128	-1	-1	1
129	1	-1	0
130	1	-1	0
131	1	-1	0
132	1	-1	0
133	1	1	1
134	1	-1	0
135	1	-1	0
136	1	-1	0
137	1	-1	0
138	1	1	1
139	1	-1	0
140	1	-1	0
141	-1	-1	1
142	1	-1	0
143	1	1	1
144	1	1	1
145	1	1	1
146	1	-1	0
147	1	-1	0
148	1	-1	0
149	1	-1	0
150	1	-1	0
151	1	-1	0
152	1	1	1
153	1	1	1
154	1	1	1
155	1	1	1
156	1	-1	0
157	-1	-1	1
158	1	-1	0
159	1	-1	0
160	1	-1	0
161	1	1	1
162	1	-1	0
163	1	1	1
164	1	-1	0
165	-1	-1	1
166	1	1	1
167	1	1	1
168	1	-1	0
169	1	-1	0
170	1	-1	0
171	1	1	1
172	1	1	1
173	1	1	1
174	1	-1	0
175	-1	1	0
176	-1	-1	1
177	1	-1	0
178	1	1	1
179	1	-1	0
180	1	-1	0
181	1	-1	0
182	-1	-1	1
183	-1	-1	1
184	1	1	1
185	1	1	1
186	1	-1	0
187	1	-1	0
188	1	-1	0
189	1	1	1
190	1	1	1
191	1	-1	0
192	1	1	1
193	1	-1	0
194	1	-1	0
195	1	-1	0
196	1	1	1
197	1	1	1
198	1	-1	0
199	1	-1	0
200	1	-1	0
201	-1	1	0
202	1	-1	0
203	1	1	1
204	1	-1	0
205	1	-1	0
206	1	-1	0
207	1	-1	0
208	1	-1	0
209	1	-1	0
210	1	-1	0
211	1	1	1
212	1	-1	0
213	1	-1	0
214	-1	-1	1
215	1	-1	0
216	1	-1	0
217	1	-1	0
218	1	-1	0
219	1	-1	0
220	-1	-1	1
221	-1	-1	1
222	1	-1	0
223	1	1	1
224	1	-1	0
225	-1	-1	1
226	1	-1	0
227	1	1	1
228	1	-1	0
229	1	-1	0
230	1	-1	0
231	1	-1	0
232	1	1	1
233	1	-1	0
234	1	-1	0
235	1	-1	0
236	1	-1	0
237	1	-1	0
238	1	-1	0
239	1	-1	0
240	1	-1	0
241	1	1	1
242	1	-1	0
243	1	-1	0
244	1	-1	0
245	1	-1	0
246	-1	1	0
247	-1	-1	1
248	1	-1	0
249	1	-1	0
250	1	-1	0
251	1	-1	0
252	-1	-1	1
253	1	-1	0
254	1	-1	0
255	1	-1	0
256	1	-1	0
257	1	-1	0
258	1	-1	0
259	1	-1	0
260	1	1	1
261	1	-1	0
262	1	1	1
263	1	-1	0
264	-1	-1	1
265	1	-1	0
266	-1	-1	1
267	1	1	1
268	1	-1	0
269	1	1	1
270	1	1	1
271	-1	-1	1
272	1	1	1
273	1	-1	0
274	1	1	1
275	1	-1	0
276	1	1	1
277	1	1	1
278	1	-1	0
279	1	1	1
280	1	-1	0
281	1	1	1
282	1	-1	0
283	1	-1	0
284	1	-1	0
285	1	-1	0
286	1	1	1
287	-1	1	0
288	1	-1	0
289	1	-1	0
290	1	1	1
291	1	-1	0
292	1	-1	0
293	1	1	1
294	1	-1	0
295	1	-1	0
296	1	1	1
297	1	-1	0
298	1	1	1
299	1	1	1
300	1	-1	0
301	1	-1	0
302	1	-1	0
303	1	-1	0
304	1	1	1
305	1	-1	0
306	1	-1	0
307	1	1	1
308	1	-1	0
309	1	-1	0
310	1	-1	0
311	1	-1	0
312	1	-1	0
313	-1	1	0
314	1	-1	0
315	1	-1	0
316	1	-1	0
317	1	-1	0
318	-1	1	0
319	-1	-1	1
320	1	-1	0
321	1	-1	0
322	1	-1	0
323	1	-1	0
324	1	-1	0
325	-1	1	0
326	1	-1	0
327	1	-1	0
328	1	-1	0
329	1	-1	0
330	1	-1	0
331	-1	-1	1
332	1	1	1
333	1	-1	0
334	1	-1	0
335	1	-1	0
336	1	-1	0
337	1	1	1
338	1	-1	0
339	1	1	1
340	-1	-1	1
341	-1	-1	1
342	1	-1	0
343	-1	-1	1
344	-1	-1	1
345	1	-1	0
346	1	-1	0
347	-1	1	0
348	1	1	1
349	1	1	1
350	1	-1	0
351	1	-1	0
352	1	-1	0
353	1	-1	0
354	1	-1	0
355	1	1	1
356	1	-1	0
357	1	-1	0
358	1	-1	0
359	1	-1	0
360	1	-1	0
361	1	-1	0
362	1	-1	0
363	1	-1	0
364	1	-1	0
365	1	-1	0
366	1	-1	0
367	1	-1	0
368	1	-1	0
369	1	1	1
370	-1	-1	1
371	1	-1	0
372	1	-1	0
373	1	-1	0
374	1	-1	0
375	1	1	1
376	1	1	1
377	1	-1	0
378	1	1	1
379	1	-1	0
380	1	-1	0
381	1	-1	0
382	1	-1	0
383	1	1	1
384	1	-1	0
385	1	-1	0
386	1	1	1
387	1	-1	0
388	1	-1	0
389	1	1	1
390	-1	-1	1
391	1	1	1
392	-1	1	0
393	1	-1	0
394	1	-1	0
395	1	-1	0
396	1	1	1
397	1	-1	0
398	1	-1	0
399	1	1	1
400	1	1	1
401	1	1	1
402	1	-1	0
403	1	-1	0
404	1	-1	0
405	1	-1	0
406	1	-1	0
407	1	-1	0
408	1	1	1
409	1	-1	0
410	1	-1	0
411	1	-1	0
412	1	-1	0
413	1	-1	0
414	-1	1	0
415	1	-1	0
416	-1	-1	1
417	1	-1	0
418	1	1	1
419	-1	1	0
420	-1	1	0
421	1	1	1
422	1	-1	0
423	1	-1	0
424	-1	-1	1
425	1	-1	0
426	1	1	1
427	1	-1	0
428	1	-1	0
429	1	-1	0
430	1	-1	0
431	-1	-1	1
432	1	-1	0
433	1	-1	0
434	1	-1	0
435	1	-1	0
436	1	-1	0
437	1	-1	0
438	-1	-1	1
439	1	-1	0
440	1	-1	0
441	1	-1	0
442	1	-1	0
443	1	-1	0
444	1	-1	0
445	1	-1	0
446	1	1	1
447	1	1	1
448	1	1	1
449	1	1	1
450	1	1	1
451	1	1	1
452	1	1	1
453	1	1	1
454	1	-1	0
455	1	1	1
456	1	-1	0
457	1	-1	0
458	1	-1	0
459	1	1	1
460	1	-1	0
461	1	-1	0
462	1	-1	0
463	1	-1	0
464	1	-1	0
465	-1	1	0
466	1	-1	0
467	1	-1	0
468	1	1	1
469	-1	1	0
470	1	1	1
471	1	1	1
472	1	-1	0
473	1	-1	0
474	1	1	1
475	1	1	1
476	1	-1	0
477	1	-1	0
478	1	1	1
479	-1	-1	1
480	1	-1	0
481	1	-1	0
482	1	1	1
483	1	-1	0
484	1	-1	0
485	-1	-1	1
486	1	1	1
487	1	1	1
488	-1	-1	1
489	1	-1	0
490	1	-1	0
491	1	-1	0
492	1	1	1
493	1	1	1
494	-1	-1	1
495	1	-1	0
496	1	-1	0
497	1	-1	0
498	1	-1	0
499	1	1	1
500	1	1	1
501	1	-1	0
502	1	1	1
503	1	-1	0
504	-1	-1	1
505	1	-1	0
506	1	-1	0
507	1	-1	0
508	-1	1	0
509	1	-1	0
510	1	-1	0
511	1	-1	0
512	1	1	1
513	-1	1	0
514	1	-1	0
515	-1	1	0
516	1	-1	0
517	1	1	1
518	1	1	1
519	1	-1	0
520	1	1	1
521	1	-1	0
522	1	-1	0
523	1	-1	0
524	1	-1	0
525	-1	-1	1
526	1	-1	0
527	1	-1	0
528	1	1	1
529	1	-1	0
530	1	-1	0
531	-1	1	0
532	1	-1	0
533	1	-1	0
534	1	-1	0
535	1	-1	0
536	1	-1	0
537	1	-1	0
538	1	-1	0
539	-1	-1	1
540	1	-1	0
541	-1	1	0
542	1	-1	0
543	1	-1	0
544	1	1	1
545	1	1	1
546	1	-1	0
547	1	-1	0
548	1	-1	0
549	1	-1	0
550	1	-1	0
551	1	-1	0
552	1	-1	0
553	-1	1	0
554	1	-1	0
555	1	-1	0
556	1	-1	0
557	-1	1	0
558	1	-1	0
559	1	1	1
560	1	-1	0
561	1	-1	0
562	1	1	1
563	1	-1	0
564	1	-1	0
565	1	-1	0
566	1	-1	0
567	1	-1	0
568	1	1	1
569	1	-1	0
570	1	-1	0
571	1	-1	0
572	1	-1	0
573	1	1	1
574	1	-1	0
575	1	-1	0
576	1	-1	0
577	1	-1	0
578	1	-1	0
579	1	-1	0
580	1	-1	0
581	1	-1	0
582	1	-1	0
583	1	-1	0
584	1	-1	0
585	1	1	1
586	1	1	1
587	1	-1	0
588	1	-1	0
589	1	-1	0
590	1	-1	0
591	1	-1	0
592	1	-1	0
593	1	-1	0
594	1	-1	0
595	1	1	1
596	1	-1	0
597	1	-1	0
598	1	-1	0
599	1	-1	0
600	1	1	1
601	1	-1	0
602	1	-1	0
603	1	-1	0
604	1	1	1
605	1	-1	0
606	1	-1	0
607	1	1	1
608	1	-1	0
609	1	-1	0
610	-1	-1	1
611	1	-1	0
612	1	1	1
613	1	-1	0
614	1	-1	0
615	-1	-1	1
616	1	1	1
617	1	-1	0
618	1	1	1
619	1	-1	0
620	1	1	1
621	1	-1	0
622	1	1	1
623	1	1	1
624	1	1	1
625	1	1	1
626	1	1	1
627	1	1	1
628	1	-1	0
629	-1	1	0
630	-1	-1	1
631	1	1	1
632	1	-1	0
633	1	-1	0
634	1	-1	0
635	1	-1	0
636	1	1	1
637	1	-1	0
638	1	1	1
639	1	-1	0
640	1	-1	0
641	1	-1	0
642	1	-1	0
643	1	-1	0
644	1	1	1
645	1	1	1
646	1	1	1
647	1	1	1
648	1	-1	0
649	-1	1	0
650	1	-1	0
651	1	1	1
652	1	-1	0
653	1	-1	0
654	1	-1	0
655	1	1	1
656	1	1	1
657	1	1	1
658	1	1	1
659	1	-1	0
660	1	-1	0
661	1	-1	0
662	1	1	1
663	1	-1	0
664	1	-1	0
665	-1	-1	1
666	1	-1	0
667	1	-1	0
668	-1	-1	1
669	1	-1	0
670	1	1	1
671	1	1	1
672	1	1	1
673	1	-1	0
674	1	-1	0
675	1	-1	0
676	1	-1	0
677	1	-1	0
678	1	-1	0
679	1	1	1
680	1	1	1
681	1	-1	0
682	1	-1	0
683	1	1	1
684	1	1	1
685	1	1	1
686	1	-1	0
687	1	-1	0
688	1	1	1
689	1	1	1
690	-1	1	0
691	1	-1	0
692	1	1	1
693	1	-1	0
694	1	-1	0
695	1	1	1
696	1	-1	0
697	-1	-1	1
698	1	-1	0
699	1	1	1
700	1	-1	0
701	1	-1	0
702	1	-1	0
703	1	-1	0
704	1	-1	0
705	1	1	1
706	1	-1	0
707	1	-1	0
708	-1	1	0
709	1	1	1
710	1	1	1
711	1	-1	0
712	1	-1	0
713	1	-1	0
714	1	1	1
715	1	1	1
716	1	-1	0
717	1	-1	0
718	-1	1	0
719	1	-1	0
720	1	-1	0
721	1	-1	0
722	1	-1	0
723	1	-1	0
724	1	-1	0
725	1	1	1
726	1	-1	0
727	1	-1	0
728	1	-1	0
729	-1	-1	1
730	-1	1	0
731	1	1	1
732	1	1	1
733	-1	1	0
734	1	-1	0
735	1	-1	0
736	1	-1	0
737	-1	-1	1
738	1	-1	0
739	1	-1	0
740	1	-1	0
741	1	-1	0
742	1	-1	0
743	1	-1	0
744	1	-1	0
745	1	1	1
746	1	1	1
747	1	-1	0
748	1	-1	0
749	1	1	1
750	1	-1	0
751	1	-1	0
752	1	-1	0
753	1	1	1
754	1	1	1
755	1	-1	0
756	1	1	1
757	1	-1	0
758	1	1	1
759	1	1	1
760	1	-1	0
761	1	-1	0
762	1	-1	0
763	-1	-1	1
764	1	1	1
765	-1	1	0
766	1	-1	0
767	1	-1	0
768	1	-1	0
769	1	-1	0
770	1	1	1
771	1	-1	0
772	1	-1	0
773	1	-1	0
774	1	-1	0
775	1	-1	0
776	1	-1	0
777	1	1	1
778	-1	1	0
779	1	-1	0
780	-1	-1	1
781	1	-1	0
782	1	1	1
783	1	-1	0
784	1	1	1
785	1	1	1
786	-1	-1	1
787	1	-1	0
788	-1	1	0
789	1	-1	0
790	1	-1	0
791	1	-1	0
792	1	-1	0
793	-1	-1	1
794	1	-1	0
795	1	-1	0
796	1	-1	0
797	1	1	1
798	1	1	1
799	1	-1	0
800	1	-1	0
801	-1	-1	1
802	1	-1	0
803	-1	-1	1
804	1	1	1
805	1	-1	0
806	1	1	1
807	1	-1	0
808	1	-1	0
809	1	1	1
810	1	-1	0
811	1	1	1
812	-1	-1	1
813	1	-1	0
814	1	-1	0
815	1	-1	0
816	1	1	1
817	1	1	1
818	1	-1	0
819	1	-1	0
820	1	-1	0
821	1	-1	0
822	1	-1	0
823	1	-1	0
824	1	-1	0
825	1	1	1
826	1	1	1
827	1	-1	0
828	1	-1	0
829	1	-1	0
830	1	1	1
831	1	-1	0
832	1	-1	0
833	-1	-1	1
834	1	-1	0
835	1	-1	0
836	1	-1	0
837	1	1	1
838	1	-1	0
839	1	1	1
840	-1	-1	1
841	1	-1	0
842	1	-1	0
843	1	-1	0
844	1	1	1
845	1	-1	0
846	1	1	1
847	1	-1	0
848	1	1	1
849	1	-1	0
850	-1	-1	1
851	1	1	1
852	1	-1	0
853	1	-1	0
854	1	-1	0
855	1	1	1
856	1	1	1
857	1	1	1
858	1	-1	0
859	1	-1	0
860	1	1	1
861	1	-1	0
862	1	-1	0
863	1	1	1
864	1	-1	0
865	-1	-1	1
866	1	-1	0
867	1	1	1
868	1	-1	0
869	1	-1	0
870	1	-1	0
871	1	1	1
872	1	-1	0
873	1	-1	0
874	1	-1	0
875	1	-1	0
876	1	-1	0
877	1	-1	0
878	1	1	1
879	1	-1	0
880	1	-1	0
881	1	-1	0
882	1	-1	0
883	1	-1	0
884	1	-1	0
885	1	-1	0
886	1	-1	0
887	1	1	1
888	1	1	1
889	1	-1	0
890	1	1	1
891	-1	1	0
892	1	1	1
893	1	-1	0
894	1	1	1
895	-1	1	0
896	1	-1	0
897	1	1	1
898	1	-1	0
899	1	-1	0
900	1	-1	0
901	1	1	1
902	1	-1	0
903	1	-1	0
904	-1	-1	1
905	1	-1	0
906	1	-1	0
907	1	1	1
908	-1	-1	1
909	1	-1	0
910	1	-1	0
911	1	1	1
912	1	1	1
913	1	-1	0
914	1	-1	0
915	1	-1	0
916	1	1	1
917	1	-1	0
918	1	-1	0
919	1	1	1
920	1	-1	0
921	1	1	1
922	1	-1	0
923	1	1	1
924	-1	1	0
925	1	-1	0
926	1	-1	0
927	1	1	1
928	-1	-1	1
929	1	-1	0
930	1	1	1
931	-1	-1	1
932	1	-1	0
933	1	-1	0
934	1	1	1
935	1	-1	0
936	1	-1	0
937	1	-1	0
938	1	1	1
939	1	-1	0
940	1	1	1
941	1	-1	0
942	1	-1	0
943	1	1	1
944	1	-1	0
945	1	1	1
946	1	1	1
947	1	1	1
948	1	-1	0
949	1	-1	0
950	1	1	1
951	1	-1	0
952	1	-1	0
953	1	-1	0
954	1	-1	0
955	1	-1	0
956	1	-1	0
957	1	-1	0
958	1	1	1
959	1	1	1
960	-1	-1	1
961	1	-1	0
962	1	-1	0
963	1	-1	0
964	1	1	1
965	1	-1	0
966	1	-1	0
967	-1	-1	1
968	1	-1	0
969	1	-1	0
970	-1	-1	1
971	1	1	1
972	1	-1	0
973	1	1	1
974	1	-1	0
975	1	1	1
976	-1	1	0
977	1	-1	0
978	1	1	1
979	1	-1	0
980	1	-1	0
981	1	1	1
982	1	-1	0
983	1	-1	0
984	1	1	1
985	1	-1	0
986	1	1	1
987	1	-1	0
988	1	-1	0
989	1	-1	0
990	1	1	1
991	1	-1	0
992	1	-1	0
993	1	-1	0
994	1	-1	0
995	1	1	1
996	1	1	1
997	1	1	1
998	1	-1	0
999	1	-1	0
1000	-1	-1	1
1001	1	-1	0
1002	1	-1	0
1003	1	-1	0
1004	1	-1	0
1005	1	1	1
1006	-1	-1	1
1007	1	-1	0
1008	1	-1	0
1009	1	1	1
1010	1	-1	0
1011	1	-1	0
1012	1	-1	0
1013	1	-1	0
1014	-1	-1	1
1015	1	-1	0
1016	1	-1	0
1017	-1	-1	1
1018	1	-1	0
1019	1	-1	0
1020	1	1	1
1021	1	-1	0
1022	1	-1	0
1023	1	-1	0
1024	1	1	1
1025	-1	-1	1
1026	1	-1	0
1027	1	1	1
1028	1	-1	0
1029	1	-1	0
1030	1	-1	0
1031	1	-1	0
1032	1	-1	0
1033	1	-1	0
1034	1	-1	0
1035	-1	-1	1
1036	1	-1	0
1037	1	1	1
1038	-1	-1	1
1039	1	-1	0
1040	1	-1	0
1041	1	-1	0
1042	1	-1	0
1043	1	-1	0
1044	1	-1	0
1045	1	1	1
1046	1	1	1
1047	1	1	1
1048	1	-1	0
1049	1	-1	0
1050	1	-1	0
1051	1	-1	0
1052	1	1	1
1053	1	1	1
1054	1	-1	0
1055	1	1	1
1056	1	-1	0
1057	1	-1	0
1058	1	-1	0
1059	1	1	1
1060	1	1	1
1061	1	-1	0
1062	1	-1	0
1063	1	-1	0
1064	1	1	1
1065	1	-1	0
1066	1	1	1
1067	1	-1	0
1068	1	-1	0
1069	1	-1	0
1070	-1	-1	1
1071	1	-1	0
1072	1	-1	0
1073	1	-1	0
1074	1	-1	0
1075	-1	-1	1
1076	1	-1	0
1077	1	-1	0
1078	1	-1	0
1079	1	1	1
1080	-1	1	0
1081	1	-1	0
1082	1	-1	0
1083	1	-1	0
1084	1	-1	0
1085	1	1	1
1086	1	-1	0
1087	1	-1	0
1088	1	-1	0
1089	1	-1	0
1090	1	1	1
1091	1	-1	0
1092	1	-1	0
1093	1	-1	0
1094	1	-1	0
1095	1	-1	0
1096	1	1	1
1097	1	-1	0
1098	1	1	1
1099	1	-1	0
1100	-1	-1	1
1101	1	1	1
1102	1	-1	0
1103	1	1	1
1104	-1	-1	1
1105	1	1	1
1106	1	-1	0
1107	1	-1	0
1108	1	-1	0
1109	-1	-1	1
1110	1	-1	0
1111	1	-1	0
1112	1	1	1
1113	1	-1	0
1114	-1	-1	1
1115	1	-1	0
1116	1	-1	0
1117	-1	-1	1
1118	1	-1	0
1119	1	-1	0
1120	1	-1	0
1121	1	-1	0
1122	1	-1	0
1123	1	-1	0
1124	1	-1	0
1125	1	-1	0
1126	1	1	1
1127	1	-1	0
1128	1	-1	0
1129	1	-1	0
1130	1	1	1
1131	1	1	1
1132	1	-1	0
1133	-1	-1	1
1134	1	1	1
1135	1	-1	0
1136	1	-1	0
1137	1	1	1
1138	1	1	1
1139	1	-1	0
1140	-1	1	0
1141	-1	-1	1
1142	1	-1	0
1143	1	1	1
1144	-1	-1	1
1145	1	1	1
1146	1	1	1
1147	1	-1	0
1148	1	1	1
1149	1	1	1
1150	1	-1	0
1151	1	-1	0
1152	1	-1	0
1153	-1	-1	1
1154	1	1	1
1155	1	-1	0
1156	-1	-1	1
1157	1	-1	0
1158	-1	-1	1
1159	1	-1	0
1160	-1	-1	1
1161	-1	-1	1
1162	1	1	1
1163	1	1	1
1164	-1	-1	1
1165	1	-1	0
1166	1	-1	0
1167	-1	-1	1
1168	1	1	1
1169	1	-1	0
1170	1	-1	0
1171	1	-1	0
1172	1	-1	0
1173	-1	-1	1
1174	-1	-1	1
1175	1	-1	0
1176	1	-1	0
1177	-1	1	0
1178	1	-1	0
1179	1	-1	0
1180	1	-1	0
1181	-1	-1	1
1182	1	1	1
1183	1	-1	0
1184	-1	1	0
1185	1	-1	0
1186	1	1	1
1187	1	-1	0
1188	1	-1	0
1189	1	1	1
1190	1	1	1
1191	1	-1	0
1192	1	-1	0
1193	-1	-1	1
1194	1	-1	0
1195	1	-1	0
1196	1	-1	0
1197	1	-1	0
1198	-1	-1	1
1199	1	1	1
1200	-1	-1	1
1201	1	-1	0
1202	1	1	1
1203	1	1	1
1204	1	1	1
1205	1	1	1
1206	1	-1	0
1207	1	1	1
1208	1	1	1
1209	-1	1	0
1210	1	1	1
1211	1	-1	0
1212	1	1	1
1213	1	1	1
1214	-1	1	0
1215	1	-1	0
1216	1	-1	0
1217	1	1	1
1218	1	-1	0
1219	1	-1	0
1220	1	-1	0
1221	1	-1	0
1222	1	1	1
1223	1	-1	0
1224	1	-1	0
1225	1	-1	0
1226	1	-1	0
1227	1	-1	0
1228	1	1	1
1229	1	-1	0
1230	1	-1	0
1231	1	-1	0
1232	1	1	1
1233	1	-1	0
1234	1	-1	0
1235	1	-1	0
1236	1	1	1
1237	1	-1	0
1238	1	-1	0
1239	1	-1	0
1240	1	-1	0
1241	1	1	1
1242	1	-1	0
1243	1	-1	0
1244	1	-1	0
1245	1	-1	0
1246	1	-1	0
1247	1	1	1
1248	1	1	1
1249	1	-1	0
1250	1	-1	0
1251	-1	1	0
1252	1	-1	0
1253	1	-1	0
1254	1	1	1
1255	1	-1	0
1256	1	1	1
1257	1	-1	0
1258	1	-1	0
1259	1	-1	0
1260	1	-1	0
1261	1	1	1
1262	-1	-1	1
1263	1	-1	0
1264	1	-1	0
1265	1	1	1
1266	1	1	1
1267	-1	-1	1
1268	1	-1	0
1269	1	-1	0
1270	-1	-1	1
1271	1	-1	0
1272	-1	-1	1
1273	1	-1	0
1274	1	-1	0
1275	1	-1	0
1276	1	-1	0
1277	1	1	1
1278	1	-1	0
1279	1	-1	0
1280	1	-1	0
1281	1	-1	0
1282	1	-1	0
1283	1	-1	0
1284	-1	-1	1
1285	1	-1	0
1286	1	-1	0
1287	1	-1	0
1288	1	-1	0
1289	1	-1	0
1290	1	-1	0
1291	1	-1	0
1292	1	-1	0
1293	-1	-1	1
1294	1	-1	0
1295	1	1	1
1296	1	1	1
1297	-1	1	0
1298	1	-1	0
1299	1	1	1
1300	1	1	1
1301	1	-1	0
1302	1	1	1
1303	1	1	1
1304	1	-1	0
1305	1	-1	0
1306	1	-1	0
1307	1	-1	0
1308	1	1	1
1309	1	-1	0
1310	1	-1	0
1311	1	1	1
1312	1	1	1
1313	-1	1	0
1314	1	1	1
1315	1	-1	0
1316	1	-1	0
1317	1	-1	0
1318	1	-1	0
1319	1	-1	0
1320	1	-1	0
1321	1	-1	0
1322	1	-1	0
1323	1	-1	0
1324	1	1	1
1325	1	1	1
1326	1	1	1
1327	1	1	1
1328	1	1	1
1329	1	-1	0
1330	1	-1	0
1331	-1	-1	1
1332	1	1	1
1333	1	-1	0
1334	1	-1	0
1335	1	-1	0
1336	1	1	1
1337	1	-1	0
1338	1	-1	0
1339	1	-1	0
1340	-1	1	0
1341	1	-1	0
1342	-1	-1	1
1343	1	-1	0
1344	1	-1	0
1345	-1	-1	1
1346	-1	-1	1
1347	1	1	1
1348	1	-1	0
1349	1	-1	0
1350	-1	1	0
1351	-1	-1	1
1352	1	-1	0
1353	1	-1	0
1354	1	1	1
1355	1	-1	0
1356	-1	-1	1
1357	1	1	1
1358	1	-1	0
1359	1	-1	0
1360	1	1	1
1361	1	-1	0
1362	1	-1	0
1363	-1	1	0
1364	1	-1	0
1365	1	1	1
1366	-1	-1	1
1367	1	-1	0
1368	1	-1	0
1369	1	-1	0
1370	1	-1	0
1371	1	-1	0
1372	1	-1	0
1373	1	-1	0
1374	-1	-1	1
1375	1	1	1
1376	1	-1	0
1377	1	-1	0
1378	1	-1	0
1379	-1	-1	1
1380	1	-1	0
1381	1	-1	0
1382	1	-1	0
1383	1	1	1
1384	1	1	1
1385	-1	1	0
1386	1	-1	0
1387	1	-1	0
1388	-1	-1	1
1389	1	-1	0
1390	1	1	1
1391	1	-1	0
1392	-1	-1	1
1393	1	-1	0
1394	1	1	1
1395	1	-1	0
1396	1	-1	0
1397	1	1	1
1398	1	-1	0
1399	1	-1	0
1400	1	-1	0
1401	1	-1	0
1402	1	1	1
1403	-1	-1	1
1404	1	-1	0
1405	-1	-1	1
1406	1	-1	0
1407	1	-1	0
1408	1	-1	0
1409	-1	1	0
1410	1	-1	0
1411	1	-1	0
1412	1	-1	0
1413	1	1	1
1414	1	-1	0
1415	1	-1	0
1416	1	-1	0
1417	1	-1	0
1418	1	1	1
1419	1	-1	0
1420	1	1	1
1421	1	1	1
1422	1	-1	0
1423	1	-1	0
1424	-1	1	0
1425	1	-1	0
1426	-1	-1	1
1427	1	-1	0
1428	1	1	1
1429	1	-1	0
1430	1	-1	0
1431	-1	-1	1
1432	-1	-1	1
1433	1	1	1
1434	1	1	1
1435	1	-1	0
1436	1	-1	0
1437	-1	-1	1
1438	1	-1	0
1439	1	-1	0
1440	-1	1	0
1441	1	1	1
1442	1	-1	0
1443	1	-1	0
1444	1	1	1
1445	1	-1	0
1446	1	-1	0
1447	1	-1	0
1448	1	-1	0
1449	1	-1	0
1450	-1	1	0
1451	1	-1	0
1452	1	-1	0
1453	1	-1	0
1454	-1	-1	1
1455	-1	-1	1
1456	1	-1	0
1457	1	-1	0
1458	1	-1	0
1459	1	1	1
1460	1	-1	0
1461	1	-1	0
1462	1	1	1
1463	1	1	1
1464	1	-1	0
1465	1	-1	0
1466	1	-1	0
1467	1	1	1
1468	1	-1	0
1469	1	-1	0
1470	1	-1	0
1471	1	-1	0
1472	1	-1	0
1473	1	-1	0
1474	-1	-1	1
1475	1	-1	0
1476	1	1	1
1477	1	-1	0
1478	1	1	1
1479	1	-1	0
1480	1	-1	0
1481	1	-1	0
1482	1	-1	0
1483	-1	-1	1
1484	1	-1	0
1485	1	-1	0
1486	1	-1	0
1487	1	1	1
1488	1	-1	0
1489	1	1	1
1490	1	-1	0
1491	1	-1	0
1492	1	-1	0
1493	-1	1	0
1494	1	-1	0
1495	1	1	1
1496	1	-1	0
1497	1	1	1
1498	1	-1	0
1499	1	1	1
1500	1	-1	0
1501	1	-1	0
1502	1	-1	0
1503	1	1	1
1504	-1	1	0
1505	-1	-1	1
1506	1	-1	0
1507	1	-1	0
1508	-1	1	0
1509	-1	-1	1
1510	1	-1	0
1511	1	-1	0
1512	1	-1	0
1513	1	-1	0
1514	1	1	1
1515	1	-1	0
1516	1	-1	0
1517	1	-1	0
1518	1	1	1
1519	1	1	1
1520	1	1	1
1521	1	-1	0
1522	-1	1	0
1523	1	-1	0
1524	1	1	1
1525	1	1	1
1526	1	1	1
1527	1	-1	0
1528	-1	1	0
1529	1	1	1
1530	1	-1	0
1531	1	-1	0
1532	1	-1	0
1533	1	1	1
1534	1	1	1
1535	1	1	1
1536	1	-1	0
1537	1	-1	0
1538	1	-1	0
1539	1	-1	0
1540	1	-1	0
1541	1	1	1
1542	1	-1	0
1543	-1	1	0
1544	1	-1	0
1545	1	-1	0
1546	1	-1	0
1547	1	1	1
1548	1	-1	0
1549	1	-1	0
1550	1	-1	0
1551	1	1	1
1552	1	-1	0
1553	1	1	1
1554	1	-1	0
1555	1	1	1
1556	1	-1	0
1557	1	1	1
1558	1	1	1
1559	1	-1	0
1560	1	-1	0
1561	1	-1	0
1562	1	1	1
1563	1	-1	0
1564	1	-1	0
1565	1	-1	0
1566	1	-1	0
1567	1	-1	0
1568	-1	-1	1
1569	1	-1	0
1570	1	-1	0
1571	1	-1	0
1572	-1	1	0
1573	1	-1	0
1574	1	-1	0
1575	1	-1	0
1576	1	-1	0
1577	1	-1	0
1578	1	-1	0
1579	1	-1	0
1580	-1	-1	1
1581	1	1	1
1582	1	-1	0
1583	1	-1	0
1584	1	-1	0
1585	-1	-1	1
1586	1	1	1
1587	1	-1	0
1588	1	-1	0
1589	1	1	1
1590	1	-1	0
1591	-1	-1	1
1592	1	-1	0
1593	1	-1	0
1594	1	-1	0
1595	1	-1	0
1596	1	1	1
1597	1	-1	0
1598	1	-1	0
1599	1	-1	0
1600	1	-1	0
1601	-1	1	0
1602	1	-1	0
1603	1	-1	0
1604	1	-1	0
1605	1	-1	0
1606	1	1	1
1607	1	-1	0
1608	1	-1	0
1609	1	-1	0
1610	1	-1	0
1611	1	-1	0
1612	1	1	1
1613	1	-1	0
1614	1	1	1
1615	1	1	1
1616	1	-1	0
1617	1	-1	0
1618	1	-1	0
1619	-1	-1	1
1620	1	-1	0
1621	1	-1	0
1622	1	1	1
1623	1	1	1
1624	1	-1	0
1625	1	1	1
1626	-1	-1	1
1627	1	-1	0
1628	-1	1	0
1629	1	1	1
1630	-1	-1	1
1631	1	1	1
1632	1	-1	0
1633	-1	-1	1
1634	1	-1	0
1635	1	-1	0
1636	1	1	1
1637	1	-1	0
1638	1	-1	0
1639	1	1	1
1640	1	-1	0
1641	-1	1	0
1642	1	1	1
1643	1	-1	0
1644	-1	-1	1
1645	1	1	1
1646	1	-1	0
1647	1	1	1
1648	1	-1	0
1649	1	-1	0
1650	1	-1	0
1651	1	1	1
1652	1	1	1
1653	1	-1	0
1654	1	-1	0
1655	1	1	1
1656	1	-1	0
1657	-1	1	0
1658	1	1	1
1659	1	1	1
1660	-1	1	0
1661	1	1	1
1662	1	1	1
1663	-1	1	0
1664	1	-1	0
1665	1	-1	0
1666	1	-1	0
1667	1	1	1
1668	-1	-1	1
1669	1	-1	0
1670	1	-1	0
1671	1	1	1
1672	1	-1	0
1673	1	1	1
1674	1	-1	0
1675	1	1	1
1676	1	1	1
1677	1	1	1
1678	1	-1	0
1679	1	-1	0
1680	1	-1	0
1681	-1	1	0
1682	1	1	1
1683	-1	1	0
1684	-1	-1	1
1685	1	-1	0
1686	1	-1	0
1687	1	-1	0
1688	1	-1	0
1689	-1	-1	1
1690	1	-1	0
1691	1	1	1
1692	-1	-1	1
1693	-1	-1	1
1694	1	1	1
1695	1	1	1
1696	1	1	1
1697	1	1	1
1698	1	-1	0
1699	1	-1	0
1700	1	-1	0
1701	1	-1	0
1702	-1	-1	1
1703	1	1	1
1704	1	-1	0
1705	-1	1	0
1706	1	-1	0
1707	1	1	1
1708	1	1	1
1709	1	-1	0
1710	1	-1	0
1711	1	1	1
1712	1	-1	0
1713	1	1	1
1714	1	-1	0
1715	1	-1	0
1716	1	-1	0
1717	1	1	1
1718	1	-1	0
1719	1	-1	0
1720	1	1	1
1721	1	-1	0
1722	1	-1	0
1723	1	-1	0
1724	1	-1	0
1725	1	1	1
1726	1	-1	0
1727	1	-1	0
1728	1	-1	0
1729	1	-1	0
1730	-1	1	0
1731	1	-1	0
1732	1	-1	0
1733	1	-1	0
1734	1	-1	0
1735	1	-1	0
1736	1	-1	0
1737	1	-1	0
1738	1	-1	0
1739	1	1	1
1740	1	-1	0
1741	1	-1	0
1742	1	-1	0
1743	-1	-1	1
1744	1	-1	0
1745	1	-1	0
1746	1	1	1
1747	1	-1	0
1748	-1	1	0
1749	1	-1	0
1750	1	-1	0
1751	1	1	1
1752	1	-1	0
1753	1	-1	0
1754	-1	-1	1
1755	1	1	1
1756	1	-1	0
1757	1	1	1
1758	1	-1	0
1759	1	-1	0
1760	1	-1	0
1761	1	1	1
1762	1	1	1
1763	1	-1	0
1764	-1	1	0
1765	1	-1	0
1766	1	-1	0
1767	1	1	1
1768	1	-1	0
1769	-1	-1	1
1770	1	-1	0
1771	1	-1	0
1772	1	-1	0
1773	1	-1	0
1774	-1	-1	1
1775	1	-1	0
1776	1	1	1
1777	1	-1	0
1778	1	1	1
1779	1	-1	0
1780	-1	-1	1
1781	1	-1	0
1782	1	-1	0
1783	1	-1	0
1784	1	-1	0
1785	1	1	1
1786	1	1	1
1787	1	-1	0
1788	1	-1	0
1789	-1	-1	1
1790	1	1	1
1791	1	-1	0
1792	1	-1	0
1793	1	-1	0
1794	1	-1	0
1795	1	1	1
1796	1	1	1
1797	1	-1	0
1798	1	1	1
1799	1	-1	0
1800	1	-1	0
1801	1	1	1
1802	1	1	1
1803	1	-1	0
1804	1	-1	0
1805	1	-1	0
1806	1	-1	0
1807	1	-1	0
1808	1	-1	0
1809	1	-1	0
1810	1	-1	0
1811	1	-1	0
1812	1	-1	0
1813	1	-1	0
1814	1	-1	0
1815	1	-1	0
1816	1	1	1
1817	1	-1	0
1818	1	-1	0
1819	1	1	1
1820	1	-1	0
1821	1	-1	0
1822	1	-1	0
1823	1	-1	0
1824	1	-1	0
1825	1	-1	0
1826	1	-1	0
1827	1	-1	0
1828	1	1	1
1829	1	-1	0
1830	1	-1	0
1831	1	1	1
1832	1	1	1
1833	-1	-1	1
1834	1	-1	0
1835	1	1	1
1836	1	1	1
1837	1	-1	0
1838	1	-1	0
1839	1	-1	0
1840	-1	1	0
1841	1	-1	0
1842	1	-1	0
1843	1	-1	0
1844	1	1	1
1845	1	-1	0
1846	-1	-1	1
1847	1	-1	0
1848	1	-1	0
1849	1	-1	0
1850	1	-1	0
1851	1	-1	0
1852	1	-1	0
1853	-1	1	0
1854	1	-1	0
1855	1	-1	0
1856	1	-1	0
1857	1	-1	0
1858	1	-1	0
1859	1	1	1
1860	1	-1	0
1861	1	-1	0
1862	-1	1	0
1863	1	-1	0
1864	-1	-1	1
1865	-1	-1	1
1866	1	-1	0
1867	1	-1	0
1868	-1	1	0
1869	1	-1	0
1870	-1	1	0
1871	-1	-1	1
1872	1	-1	0
1873	1	-1	0
1874	-1	-1	1
1875	1	-1	0
1876	1	-1	0
1877	1	-1	0
1878	1	-1	0
1879	1	-1	0
1880	1	-1	0
1881	1	1	1
1882	-1	-1	1
1883	1	1	1
1884	1	-1	0
1885	1	-1	0
1886	1	-1	0
1887	1	1	1
1888	1	-1	0
1889	1	-1	0
1890	1	-1	0
1891	1	-1	0
1892	1	1	1
1893	1	-1	0
1894	1	-1	0
1895	1	1	1
1896	1	-1	0
1897	1	1	1
1898	1	-1	0
1899	1	-1	0
1900	1	-1	0
1901	1	-1	0
1902	1	-1	0
1903	1	1	1
1904	1	-1	0
1905	1	-1	0
1906	1	-1	0
1907	1	1	1
1908	1	-1	0
1909	-1	-1	1
1910	-1	1	0
1911	1	-1	0
1912	1	-1	0
1913	1	-1	0
1914	1	1	1
1915	1	-1	0
1916	-1	-1	1
1917	1	-1	0
1918	-1	1	0
1919	1	-1	0
1920	1	-1	0
1921	1	-1	0
1922	-1	-1	1
1923	-1	-1	1
1924	1	-1	0
1925	1	1	1
1926	1	1	1
1927	1	1	1
1928	1	-1	0
1929	1	-1	0
1930	1	-1	0
1931	1	-1	0
1932	1	-1	0
1933	1	-1	0
1934	-1	-1	1
1935	1	-1	0
1936	1	-1	0
1937	1	-1	0
1938	1	-1	0
1939	-1	-1	1
1940	1	-1	0
1941	-1	-1	1
1942	1	-1	0
1943	1	-1	0
1944	-1	-1	1
1945	1	-1	0
1946	1	1	1
1947	1	1	1
1948	1	-1	0
1949	1	-1	0
1950	-1	-1	1
1951	1	1	1
1952	-1	1	0
1953	1	-1	0
1954	1	-1	0
1955	1	-1	0
1956	1	-1	0
1957	1	-1	0
1958	1	1	1
1959	1	1	1
1960	1	-1	0
1961	1	1	1
1962	1	1	1
1963	1	1	1
1964	1	-1	0
1965	1	1	1
1966	1	1	1
1967	1	-1	0
1968	-1	-1	1
1969	1	1	1
1970	1	-1	0
1971	1	-1	0
1972	1	-1	0
1973	1	-1	0
1974	1	1	1
1975	1	-1	0
1976	1	-1	0
1977	1	-1	0
1978	1	-1	0
1979	1	-1	0
1980	-1	1	0
1981	1	1	1
1982	1	-1	0
1983	1	-1	0
1984	-1	1	0
1985	1	-1	0
1986	1	-1	0
1987	1	-1	0
1988	-1	1	0
1989	1	1	1
1990	1	-1	0
1991	1	-1	0
1992	1	1	1
1993	1	1	1
1994	1	1	1
1995	1	-1	0
1996	1	1	1
1997	1	1	1
1998	-1	-1	1
1999	1	1	1
2000	-1	-1	1
2001	1	1	1
2002	1	1	1
2003	1	-1	0
2004	1	-1	0
2005	1	-1	0
2006	-1	-1	1
2007	1	-1	0
2008	1	-1	0
2009	1	-1	0
2010	1	-1	0
2011	1	1	1
2012	-1	-1	1
2013	1	1	1
2014	1	-1	0
2015	1	-1	0
2016	-1	-1	1
2017	1	1	1
2018	1	-1	0
2019	1	1	1
2020	-1	-1	1
2021	1	-1	0
2022	1	-1	0
2023	1	1	1
2024	1	1	1
2025	1	-1	0
2026	1	-1	0
2027	1	1	1
2028	1	1	1
2029	1	1	1
2030	-1	-1	1
2031	1	1	1
2032	1	-1	0
2033	1	-1	0
2034	1	-1	0
2035	1	-1	0
2036	1	-1	0
2037	1	1	1
2038	1	1	1
2039	1	-1	0
2040	1	-1	0
2041	1	-1	0
2042	1	-1	0
2043	1	-1	0
2044	1	1	1
2045	1	-1	0
2046	-1	-1	1
2047	1	-1	0
2048	1	1	1
2049	1	-1	0
2050	1	1	1
2051	1	-1	0
2052	-1	-1	1
2053	1	-1	0
2054	1	1	1
2055	1	-1	0
2056	1	-1	0
2057	1	-1	0
2058	1	-1	0
2059	1	-1	0
2060	-1	-1	1
2061	-1	-1	1
2062	-1	-1	1
2063	1	-1	0
2064	1	1	1
2065	1	-1	0
2066	1	-1	0
2067	1	1	1
2068	1	1	1
2069	1	-1	0
2070	-1	1	0
2071	1	1	1
2072	1	-1	0
2073	1	1	1
2074	1	-1	0
2075	1	1	1
2076	-1	-1	1
2077	1	1	1
2078	1	1	1
2079	1	-1	0
2080	1	-1	0
2081	-1	-1	1
2082	1	-1	0
2083	1	-1	0
2084	1	-1	0
2085	1	1	1
2086	1	1	1
2087	-1	1	0
2088	1	-1	0
2089	1	-1	0
2090	1	-1	0
2091	1	1	1
2092	1	-1	0
2093	1	1	1
2094	-1	1	0
2095	1	-1	0
2096	1	1	1
2097	1	-1	0
2098	-1	1	0
2099	1	-1	0
2100	1	1	1
2101	1	-1	0
2102	1	1	1
2103	1	-1	0
2104	1	-1	0
2105	-1	1	0
2106	1	1	1
2107	1	-1	0
2108	-1	-1	1
2109	1	-1	0
2110	1	-1	0
2111	1	-1	0
2112	1	1	1
2113	-1	-1	1
2114	-1	-1	1
2115	1	-1	0
2116	1	-1	0
2117	1	-1	0
2118	1	-1	0
2119	1	1	1
2120	1	-1	0
2121	1	1	1
2122	1	-1	0
2123	1	-1	0
2124	1	-1	0
2125	1	-1	0
2126	1	-1	0
2127	1	1	1
2128	1	-1	0
2129	1	-1	0
2130	-1	-1	1
2131	-1	-1	1
2132	1	1	1
2133	1	1	1
2134	1	-1	0
2135	1	-1	0
2136	-1	-1	1
2137	1	-1	0
2138	1	-1	0
2139	-1	1	0
2140	1	-1	0
2141	1	1	1
2142	1	-1	0
2143	-1	-1	1
2144	1	-1	0
2145	1	1	1
2146	1	-1	0
2147	1	-1	0
2148	1	-1	0
2149	1	-1	0
2150	1	-1	0
2151	1	-1	0
2152	1	-1	0
2153	1	1	1
2154	1	-1	0
2155	1	1	1
2156	1	-1	0
2157	1	1	1
2158	1	-1	0
2159	1	-1	0
2160	1	-1	0
2161	1	-1	0
2162	1	-1	0
2163	-1	-1	1
2164	1	-1	0
2165	1	1	1
2166	-1	1	0
2167	1	-1	0
2168	1	-1	0
2169	1	-1	0
2170	1	1	1
2171	1	-1	0
2172	1	-1	0
2173	-1	1	0
2174	1	-1	0
2175	1	-1	0
2176	1	-1	0
2177	1	-1	0
2178	1	-1	0
2179	1	-1	0
2180	1	-1	0
2181	1	-1	0
2182	1	-1	0
2183	-1	-1	1
2184	1	1	1
2185	1	-1	0
2186	1	-1	0
2187	1	-1	0
2188	1	-1	0
2189	1	-1	0
2190	-1	-1	1
2191	1	-1	0
2192	-1	-1	1
2193	1	1	1
2194	-1	1	0
2195	1	-1	0
2196	1	-1	0
2197	1	1	1
2198	-1	1	0
2199	1	-1	0
2200	-1	1	0
2201	1	-1	0
2202	1	-1	0
2203	1	-1	0
2204	1	1	1
2205	1	-1	0
2206	1	-1	0
2207	1	1	1
2208	1	1	1
2209	1	1	1
2210	-1	-1	1
2211	-1	-1	1
2212	1	-1	0
2213	1	-1	0
2214	1	-1	0
2215	1	-1	0
2216	1	-1	0
2217	1	-1	0
2218	1	-1	0
2219	1	-1	0
2220	1	1	1
2221	-1	-1	1
2222	1	-1	0
2223	-1	1	0
2224	1	-1	0
2225	1	-1	0
2226	1	-1	0
2227	1	1	1
2228	1	-1	0
2229	1	-1	0
2230	1	1	1
2231	1	-1	0
2232	1	1	1
2233	1	-1	0
2234	-1	1	0
2235	1	-1	0
2236	1	1	1
2237	-1	1	0
2238	1	-1	0
2239	1	-1	0
2240	1	-1	0
2241	-1	1	0
2242	-1	1	0
2243	-1	1	0
2244	1	1	1
2245	1	-1	0
2246	1	-1	0
2247	1	-1	0
2248	-1	-1	1
2249	1	-1	0
2250	1	1	1
2251	1	1	1
2252	1	1	1
2253	-1	1	0
2254	1	-1	0
2255	1	-1	0
2256	1	-1	0
2257	1	-1	0
2258	1	1	1
2259	1	-1	0
2260	1	-1	0
2261	1	-1	0
2262	1	-1	0
2263	1	-1	0
2264	1	-1	0
2265	1	-1	0
2266	1	-1	0
2267	-1	1	0
2268	1	-1	0
2269	1	-1	0
2270	1	-1	0
2271	1	-1	0
2272	1	-1	0
2273	1	-1	0
2274	-1	1	0
2275	1	-1	0
2276	1	1	1
2277	1	-1	0
2278	1	-1	0
2279	1	-1	0
2280	1	-1	0
2281	1	-1	0
2282	1	-1	0
2283	1	-1	0
2284	1	1	1
2285	1	1	1
2286	1	-1	0
2287	1	-1	0
2288	-1	-1	1
2289	1	-1	0
2290	1	1	1
2291	1	-1	0
2292	1	-1	0
2293	1	1	1
2294	1	1	1
2295	1	1	1
2296	-1	-1	1
2297	1	1	1
2298	1	-1	0
2299	1	-1	0
2300	1	-1	0
2301	1	-1	0
2302	1	-1	0
2303	1	-1	0
2304	1	1	1
2305	-1	-1	1
2306	-1	-1	1
2307	1	-1	0
2308	1	-1	0
2309	1	-1	0
2310	-1	-1	1
2311	1	-1	0
2312	1	1	1
2313	1	-1	0
2314	1	1	1
2315	-1	1	0
2316	1	-1	0
2317	1	1	1
2318	1	-1	0
2319	1	-1	0
2320	1	-1	0
2321	1	-1	0
2322	1	-1	0
2323	1	-1	0
2324	1	1	1
2325	1	-1	0
2326	1	-1	0
2327	-1	-1	1
2328	1	-1	0
2329	1	1	1
2330	1	-1	0
2331	1	-1	0
2332	1	1	1
2333	1	-1	0
2334	1	-1	0
2335	1	-1	0
2336	1	1	1
2337	1	-1	0
2338	1	-1	0
2339	1	1	1
2340	1	-1	0
2341	1	-1	0
2342	1	1	1
2343	1	-1	0
2344	1	1	1
2345	1	1	1
2346	1	-1	0
2347	1	-1	0
2348	1	1	1
2349	1	1	1
2350	1	-1	0
2351	1	-1	0
2352	1	-1	0
2353	1	1	1
2354	1	-1	0
2355	1	-1	0
2356	1	1	1
2357	1	-1	0
2358	1	-1	0
2359	1	-1	0
2360	1	-1	0
2361	1	-1	0
2362	1	-1	0
2363	1	-1	0
2364	1	1	1
2365	1	-1	0
2366	-1	1	0
2367	1	-1	0
2368	1	-1	0
2369	1	1	1
2370	1	-1	0
2371	1	-1	0
2372	1	-1	0
2373	1	-1	0
2374	1	-1	0
2375	1	-1	0
2376	1	-1	0
2377	1	-1	0
2378	1	-1	0
2379	-1	-1	1
2380	-1	1	0
2381	1	1	1
2382	1	1	1
2383	1	1	1
2384	-1	-1	1
2385	1	-1	0
2386	1	-1	0
2387	1	-1	0
2388	1	-1	0
2389	1	-1	0
2390	1	-1	0
2391	-1	1	0
2392	1	-1	0
2393	1	-1	0
2394	1	-1	0
2395	-1	-1	1
2396	1	1	1
2397	1	1	1
2398	1	1	1
2399	1	1	1
2400	1	1	1
2401	1	-1	0
2402	1	-1	0
2403	1	-1	0
2404	1	-1	0
2405	1	-1	0
2406	1	-1	0
2407	1	-1	0
2408	1	-1	0
2409	1	-1	0
2410	1	-1	0
2411	1	1	1
2412	1	-1	0
2413	1	1	1
2414	1	-1	0
2415	1	1	1
2416	1	-1	0
2417	1	-1	0
2418	1	-1	0
2419	1	-1	0
2420	1	-1	0
2421	1	-1	0
2422	1	1	1
2423	1	-1	0
2424	1	-1	0
2425	1	-1	0
2426	1	-1	0
2427	1	-1	0
2428	1	-1	0
2429	1	1	1
2430	1	1	1
2431	1	-1	0
2432	1	-1	0
2433	1	1	1
2434	1	-1	0
2435	1	1	1
2436	1	-1	0
2437	1	-1	0
2438	1	-1	0
2439	-1	-1	1
2440	1	-1	0
2441	1	-1	0
2442	1	1	1
2443	1	-1	0
2444	1	-1	0
2445	1	-1	0
2446	1	1	1
2447	1	-1	0
2448	1	-1	0
2449	1	-1	0
2450	1	1	1
2451	1	-1	0
2452	1	-1	0
2453	1	-1	0
2454	1	1	1
2455	1	-1	0
2456	1	-1	0
2457	1	1	1
2458	1	-1	0
2459	1	-1	0
2460	-1	-1	1
2461	1	-1	0
2462	1	-1	0
2463	1	-1	0
2464	1	1	1
2465	1	1	1
2466	1	1	1
2467	1	1	1
2468	1	-1	0
2469	1	-1	0
2470	1	-1	0
2471	1	-1	0
2472	1	1	1
2473	1	-1	0
2474	1	1	1
2475	1	1	1
2476	1	-1	0
2477	1	-1	0
2478	1	1	1
2479	1	-1	0
2480	1	-1	0
2481	1	-1	0
2482	1	-1	0
2483	1	-1	0
2484	1	-1	0
2485	-1	-1	1
2486	1	-1	0
2487	1	1	1
2488	1	-1	0
2489	1	-1	0
2490	1	-1	0
2491	1	-1	0
2492	1	-1	0
2493	1	-1	0
2494	-1	-1	1
2495	1	-1	0
2496	1	1	1
2497	1	-1	0
2498	-1	1	0
2499	-1	1	0
2500	1	1	1
2501	1	-1	0
2502	1	-1	0
2503	-1	-1	1
2504	1	-1	0
2505	1	-1	0
2506	1	-1	0
2507	1	-1	0
2508	1	-1	0
2509	1	-1	0
2510	-1	-1	1
2511	1	-1	0
2512	1	-1	0
2513	1	-1	0
2514	-1	1	0
2515	-1	-1	1
2516	1	1	1
2517	1	-1	0
2518	1	-1	0
2519	1	1	1
2520	-1	-1	1
2521	1	-1	0
2522	1	-1	0
2523	1	-1	0
2524	1	1	1
2525	-1	-1	1
2526	1	-1	0
2527	1	-1	0
2528	1	1	1
2529	1	-1	0
2530	1	-1	0
2531	1	1	1
2532	1	-1	0
2533	1	-1	0
2534	1	-1	0
2535	1	-1	0
2536	-1	-1	1
2537	-1	1	0
2538	1	-1	0
2539	1	-1	0
2540	1	1	1
2541	1	1	1
2542	1	1	1
2543	1	-1	0
2544	1	1	1
2545	1	-1	0
2546	1	-1	0
2547	1	1	1
2548	1	-1	0
2549	-1	-1	1
2550	1	-1	0
2551	1	1	1
2552	1	-1	0
2553	1	-1	0
2554	-1	1	0
2555	1	1	1
2556	1	1	1
2557	-1	1	0
2558	1	-1	0
2559	1	-1	0
2560	1	1	1
2561	1	1	1
2562	1	-1	0
2563	1	-1	0
2564	1	-1	0
2565	1	-1	0
2566	-1	-1	1
2567	1	-1	0
2568	1	-1	0
2569	1	-1	0
2570	1	-1	0
2571	1	-1	0
2572	1	-1	0
2573	1	-1	0
2574	-1	1	0
2575	1	-1	0
2576	-1	-1	1
2577	1	-1	0
2578	-1	-1	1
2579	1	-1	0
2580	1	-1	0
2581	1	1	1
2582	-1	-1	1
2583	1	-1	0
2584	1	-1	0
2585	1	1	1
2586	-1	1	0
2587	1	1	1
2588	1	1	1
2589	1	-1	0
2590	1	-1	0
2591	1	1	1
2592	1	1	1
2593	1	-1	0
2594	1	-1	0
2595	1	1	1
2596	1	-1	0
2597	1	1	1
2598	-1	1	0
2599	1	1	1
2600	-1	-1	1
2601	1	-1	0
2602	1	-1	0
2603	1	1	1
2604	1	-1	0
2605	-1	-1	1
2606	1	-1	0
2607	1	-1	0
2608	-1	-1	1
2609	1	1	1
2610	-1	1	0
2611	1	-1	0
2612	1	-1	0
2613	1	-1	0
2614	1	1	1
2615	-1	1	0
2616	1	-1	0
2617	-1	-1	1
2618	1	-1	0
2619	1	-1	0
2620	1	-1	0
2621	1	-1	0
2622	1	-1	0
2623	1	-1	0
2624	1	-1	0
2625	-1	1	0
2626	1	-1	0
2627	1	1	1
2628	1	1	1
2629	1	-1	0
2630	1	1	1
2631	1	-1	0
2632	1	-1	0
2633	1	-1	0
2634	-1	-1	1
2635	1	-1	0
2636	1	-1	0
2637	1	1	1
2638	-1	-1	1
2639	-1	-1	1
2640	1	1	1
2641	1	-1	0
2642	1	-1	0
2643	1	1	1
2644	1	-1	0
2645	1	1	1
2646	1	-1	0
2647	1	-1	0
2648	1	-1	0
2649	1	1	1
2650	1	-1	0
2651	1	-1	0
2652	1	-1	0
2653	1	1	1
2654	1	1	1
2655	1	-1	0
2656	1	-1	0
2657	1	-1	0
2658	1	-1	0
2659	1	1	1
2660	1	-1	0
2661	1	1	1
2662	1	-1	0
2663	1	-1	0
2664	1	-1	0
2665	1	-1	0
2666	1	1	1
2667	1	-1	0
2668	1	-1	0
2669	1	-1	0
2670	1	-1	0
2671	1	-1	0
2672	1	-1	0
2673	1	-1	0
2674	1	-1	0
2675	1	-1	0
2676	-1	-1	1
2677	1	1	1
2678	-1	-1	1
2679	1	-1	0
2680	1	1	1
2681	1	1	1
2682	1	-1	0
2683	1	-1	0
2684	1	-1	0
2685	1	1	1
2686	-1	-1	1
2687	1	-1	0
2688	1	1	1
2689	1	-1	0
2690	1	-1	0
2691	1	-1	0
2692	-1	-1	1
2693	1	-1	0
2694	1	-1	0
2695	1	-1	0
2696	1	-1	0
2697	1	-1	0
2698	1	-1	0
2699	1	-1	0
2700	1	1	1
2701	-1	-1	1
2702	1	-1	0
2703	1	-1	0
2704	1	-1	0
2705	1	-1	0
2706	-1	-1	1
2707	1	-1	0
2708	1	-1	0
2709	1	-1	0
2710	1	-1	0
2711	1	1	1
2712	1	1	1
2713	1	1	1
2714	1	1	1
2715	1	1	1
2716	1	-1	0
2717	1	1	1
2718	1	-1	0
2719	1	-1	0
2720	1	-1	0
2721	-1	-1	1
2722	1	-1	0
2723	1	-1	0
2724	1	-1	0
2725	1	-1	0
2726	1	-1	0
2727	1	1	1
2728	1	-1	0
2729	-1	1	0
2730	1	-1	0
2731	1	-1	0
2732	1	-1	0
2733	1	-1	0
2734	1	1	1
2735	-1	-1	1
2736	1	-1	0
2737	-1	-1	1
2738	1	-1	0
2739	-1	-1	1
2740	1	1	1
2741	1	1	1
2742	1	-1	0
2743	1	-1	0
2744	-1	1	0
2745	-1	1	0
2746	-1	-1	1
2747	1	-1	0
2748	-1	1	0
2749	-1	-1	1
2750	1	-1	0
2751	1	1	1
2752	1	-1	0
2753	-1	-1	1
2754	1	-1	0
2755	1	-1	0
2756	1	-1	0
2757	1	1	1
2758	1	-1	0
2759	1	-1	0
2760	-1	-1	1
2761	1	-1	0
2762	1	-1	0
2763	1	1	1
2764	1	-1	0
2765	1	-1	0
2766	1	-1	0
2767	-1	1	0
2768	1	1	1
2769	-1	-1	1
2770	1	1	1
2771	1	1	1
2772	1	-1	0
2773	1	1	1
2774	1	-1	0
2775	1	1	1
2776	1	-1	0
2777	1	-1	0
2778	1	-1	0
2779	1	1	1
2780	1	1	1
2781	1	-1	0
2782	1	-1	0
2783	1	1	1
2784	1	1	1
2785	1	1	1
2786	-1	-1	1
2787	1	1	1
2788	1	-1	0
2789	1	1	1
2790	1	-1	0
2791	1	-1	0
2792	1	-1	0
2793	1	-1	0
2794	1	-1	0
2795	1	-1	0
2796	1	-1	0
2797	1	-1	0
2798	1	1	1
2799	1	1	1
2800	1	1	1
2801	-1	1	0
2802	1	1	1
2803	1	-1	0
2804	1	-1	0
2805	1	-1	0
2806	1	-1	0
2807	1	-1	0
2808	1	1	1
2809	1	-1	0
2810	1	-1	0
2811	1	-1	0
2812	1	-1	0
2813	1	1	1
2814	1	-1	0
2815	1	-1	0
2816	1	-1	0
2817	1	-1	0
2818	-1	-1	1
2819	-1	1	0
2820	1	-1	0
2821	1	-1	0
2822	-1	-1	1
2823	1	1	1
2824	1	1	1
2825	1	-1	0
2826	1	-1	0
2827	1	1	1
2828	1	-1	0
2829	1	-1	0
2830	1	-1	0
2831	1	-1	0
2832	1	-1	0
2833	1	1	1
2834	1	1	1
2835	1	-1	0
2836	1	-1	0
2837	1	-1	0
2838	1	-1	0
2839	1	-1	0
2840	1	-1	0
2841	1	-1	0
2842	1	1	1
2843	1	-1	0
2844	1	-1	0
2845	1	-1	0
2846	1	-1	0
2847	1	-1	0
2848	1	-1	0
2849	1	-1	0
2850	1	-1	0
2851	1	-1	0
2852	1	1	1
2853	1	-1	0
2854	1	1	1
2855	1	-1	0
2856	-1	1	0
2857	1	-1	0
2858	1	-1	0
2859	1	-1	0
2860	1	-1	0
2861	1	-1	0
2862	1	-1	0
2863	1	-1	0
2864	1	-1	0
2865	1	1	1
2866	1	-1	0
2867	1	-1	0
2868	1	1	1
2869	1	-1	0
2870	1	-1	0
2871	1	1	1
2872	-1	1	0
2873	1	1	1
2874	1	-1	0
2875	1	1	1
2876	-1	1	0
2877	1	-1	0
2878	1	-1	0
2879	-1	-1	1
2880	1	1	1
2881	1	1	1
2882	1	-1	0
2883	-1	1	0
2884	1	1	1
2885	1	-1	0
2886	1	1	1
2887	-1	-1	1
2888	1	-1	0
2889	1	-1	0
2890	1	-1	0
2891	1	-1	0
2892	1	-1	0
2893	1	-1	0
2894	1	-1	0
2895	1	-1	0
2896	1	-1	0
2897	1	1	1
2898	1	-1	0
2899	1	-1	0
2900	1	-1	0
2901	1	-1	0
2902	1	-1	0
2903	1	-1	0
2904	1	-1	0
2905	1	-1	0
2906	1	-1	0
2907	-1	-1	1
2908	1	-1	0
2909	1	-1	0
2910	1	-1	0
2911	1	-1	0
2912	1	-1	0
2913	1	-1	0
2914	1	-1	0
2915	1	-1	0
2916	1	-1	0
2917	1	-1	0
2918	1	-1	0
2919	1	-1	0
2920	1	-1	0
2921	-1	-1	1
2922	1	-1	0
2923	1	1	1
2924	1	-1	0
2925	1	1	1
2926	1	-1	0
2927	1	1	1
2928	1	-1	0
2929	-1	-1	1
2930	1	-1	0
2931	1	-1	0
2932	1	-1	0
2933	-1	-1	1
2934	1	1	1
2935	1	-1	0
2936	1	-1	0
2937	1	1	1
2938	1	-1	0
2939	1	1	1
2940	-1	1	0
2941	1	1	1
2942	-1	-1	1
2943	1	1	1
2944	1	-1	0
2945	1	1	1
2946	1	-1	0
2947	1	-1	0
2948	1	1	1
2949	1	-1	0
2950	1	1	1
2951	1	-1	0
2952	-1	1	0
2953	1	-1	0
2954	-1	-1	1
2955	1	-1	0
2956	-1	-1	1
2957	1	-1	0
2958	1	1	1
2959	1	-1	0
2960	1	1	1
2961	1	1	1
2962	1	-1	0
2963	1	-1	0
2964	1	-1	0
2965	-1	-1	1
2966	1	-1	0
2967	1	-1	0
2968	1	-1	0
2969	1	1	1
2970	1	1	1
2971	1	-1	0
2972	1	1	1
2973	1	1	1
2974	1	-1	0
2975	1	1	1
2976	1	-1	0
2977	1	1	1
2978	1	-1	0
2979	1	1	1
2980	1	-1	0
2981	1	-1	0
2982	1	-1	0
2983	1	-1	0
2984	1	-1	0
2985	1	-1	0
2986	1	-1	0
2987	-1	-1	1
2988	1	-1	0
2989	1	1	1
2990	-1	1	0
2991	1	1	1
2992	1	-1	0
2993	1	1	1
2994	1	1	1
2995	1	1	1
2996	-1	-1	1
2997	1	-1	0
2998	-1	1	0
2999	1	1	1
3000	1	-1	0
3001	1	1	1
3002	1	-1	0
3003	1	1	1
3004	1	1	1
3005	1	-1	0
3006	1	1	1
3007	1	1	1
3008	1	-1	0
3009	1	-1	0
3010	1	1	1
3011	1	-1	0
3012	1	-1	0
3013	1	-1	0
3014	1	-1	0
3015	1	-1	0
3016	1	1	1
3017	-1	-1	1
3018	1	-1	0
3019	1	-1	0
3020	1	1	1
3021	-1	1	0
3022	-1	-1	1
3023	1	-1	0
3024	1	-1	0
3025	1	1	1
3026	1	1	1
3027	1	-1	0
3028	1	-1	0
3029	1	-1	0
3030	1	-1	0
3031	1	-1	0
3032	-1	-1	1
3033	1	-1	0
3034	1	-1	0
3035	1	-1	0
3036	1	-1	0
3037	1	1	1
3038	-1	-1	1
3039	1	-1	0
3040	-1	-1	1
3041	1	-1	0
3042	1	-1	0
3043	1	1	1
3044	1	1	1
3045	-1	-1	1
3046	1	-1	0
3047	1	-1	0
3048	1	1	1
3049	1	1	1
3050	1	1	1
3051	1	-1	0
3052	1	1	1
3053	1	-1	0
3054	-1	1	0
3055	-1	-1	1
3056	-1	-1	1
3057	1	-1	0
3058	1	1	1
3059	1	-1	0
3060	1	-1	0
3061	1	-1	0
3062	1	-1	0
3063	1	1	1
3064	1	-1	0
3065	1	1	1
3066	1	1	1
3067	1	-1	0
3068	1	-1	0
3069	1	-1	0
3070	-1	1	0
3071	1	1	1
3072	1	-1	0
3073	1	1	1
3074	1	-1	0
3075	1	-1	0
3076	1	-1	0
3077	1	1	1
3078	1	1	1
3079	1	-1	0
3080	1	-1	0
3081	-1	-1	1
3082	1	1	1
3083	1	-1	0
3084	1	-1	0
3085	1	-1	0
3086	1	-1	0
3087	1	1	1
3088	1	-1	0
3089	1	1	1
3090	1	1	1
3091	-1	1	0
3092	1	-1	0
3093	1	1	1
3094	1	1	1
3095	1	1	1
3096	1	-1	0
3097	1	-1	0
3098	1	-1	0
3099	1	-1	0
3100	1	1	1
3101	1	-1	0
3102	-1	1	0
3103	1	-1	0
3104	1	-1	0
3105	1	-1	0
3106	1	-1	0
3107	1	-1	0
3108	1	-1	0
3109	1	-1	0
3110	1	-1	0
3111	1	1	1
3112	1	-1	0
3113	-1	1	0
3114	1	-1	0
3115	1	-1	0
3116	1	-1	0
3117	-1	1	0
3118	1	-1	0
3119	1	-1	0
3120	1	-1	0
3121	1	-1	0
3122	1	1	1
3123	1	-1	0
3124	1	-1	0
3125	1	-1	0
3126	1	-1	0
3127	1	1	1
3128	1	-1	0
3129	-1	-1	1
3130	1	1	1
3131	1	1	1
3132	1	-1	0
3133	1	1	1
3134	1	1	1
3135	1	-1	0
3136	1	-1	0
3137	1	-1	0
3138	1	1	1
3139	1	1	1
3140	1	1	1
3141	1	-1	0
3142	1	-1	0
3143	-1	1	0
3144	1	-1	0
3145	-1	1	0
3146	-1	-1	1
3147	1	-1	0
3148	1	1	1
3149	1	1	1
3150	1	1	1
3151	1	-1	0
3152	1	-1	0
3153	1	-1	0
3154	1	-1	0
3155	1	-1	0
3156	1	-1	0
3157	1	-1	0
3158	1	-1	0
3159	1	1	1
3160	1	-1	0
3161	1	-1	0
3162	1	-1	0
3163	1	-1	0
3164	1	1	1
3165	1	-1	0
3166	1	1	1
3167	1	-1	0
3168	1	-1	0
3169	1	-1	0
3170	1	-1	0
3171	1	-1	0
3172	1	1	1
3173	1	-1	0
3174	1	1	1
3175	-1	1	0
3176	1	-1	0
3177	-1	-1	1
3178	1	-1	0
3179	1	-1	0
3180	1	-1	0
3181	1	-1	0
3182	1	1	1
3183	1	-1	0
3184	1	-1	0
3185	1	-1	0
3186	1	1	1
3187	1	1	1
3188	1	-1	0
3189	1	-1	0
3190	1	-1	0
3191	1	-1	0
3192	1	-1	0
3193	1	-1	0
3194	1	-1	0
3195	1	1	1
3196	1	-1	0
3197	-1	-1	1
3198	1	-1	0
3199	1	-1	0
3200	1	-1	0
3201	1	1	1
3202	1	1	1
3203	1	-1	0
3204	1	-1	0
3205	1	1	1
3206	1	1	1
3207	1	-1	0
3208	1	-1	0
3209	1	-1	0
3210	-1	-1	1
3211	1	-1	0
3212	1	1	1
3213	1	-1	0
3214	-1	1	0
3215	1	-1	0
3216	1	-1	0
3217	1	-1	0
3218	1	1	1
3219	1	-1	0
3220	1	-1	0
3221	1	-1	0
3222	1	-1	0
3223	1	1	1
3224	1	1	1
3225	1	-1	0
3226	1	1	1
3227	1	-1	0
3228	1	-1	0
3229	-1	-1	1
3230	1	-1	0
3231	1	1	1
3232	1	-1	0
3233	1	-1	0
3234	1	-1	0
3235	1	-1	0
3236	1	1	1
3237	1	-1	0
3238	1	1	1
3239	1	-1	0
3240	1	-1	0
3241	1	-1	0
3242	1	-1	0
3243	1	-1	0
3244	1	-1	0
3245	1	-1	0
3246	1	-1	0
3247	1	-1	0
3248	1	-1	0
3249	1	1	1
3250	1	1	1
3251	-1	1	0
3252	-1	-1	1
3253	1	-1	0
3254	1	-1	0
3255	1	1	1
3256	1	-1	0
3257	1	-1	0
3258	1	-1	0
3259	1	1	1
3260	1	-1	0
3261	1	1	1
3262	1	-1	0
3263	1	-1	0
3264	1	-1	0
3265	-1	1	0
3266	1	-1	0
3267	1	-1	0
3268	1	-1	0
3269	1	-1	0
3270	1	-1	0
3271	1	1	1
3272	1	-1	0
3273	1	1	1
3274	1	-1	0
3275	-1	-1	1
3276	-1	1	0
3277	1	1	1
3278	1	1	1
3279	1	1	1
3280	1	-1	0
3281	1	-1	0
3282	1	-1	0
3283	1	-1	0
3284	1	-1	0
3285	1	-1	0
3286	-1	-1	1
3287	1	-1	0
3288	1	1	1
3289	-1	-1	1
3290	-1	1	0
3291	1	-1	0
3292	1	-1	0
3293	1	1	1
3294	1	-1	0
3295	1	-1	0
3296	1	-1	0
3297	1	-1	0
3298	1	-1	0
3299	1	-1	0
3300	1	-1	0
3301	1	-1	0
3302	1	-1	0
3303	1	1	1
3304	1	-1	0
3305	1	1	1
3306	1	1	1
3307	1	-1	0
3308	1	1	1
3309	1	1	1
3310	1	1	1
3311	1	1	1
3312	-1	-1	1
3313	1	1	1
3314	1	-1	0
3315	1	1	1
3316	-1	-1	1
3317	1	-1	0
3318	1	1	1
3319	1	1	1
3320	1	1	1
3321	-1	-1	1
3322	1	-1	0
3323	1	1	1
3324	1	1	1
3325	1	1	1
3326	1	-1	0
3327	1	-1	0
3328	1	-1	0
3329	1	1	1
3330	-1	1	0
3331	-1	-1	1
3332	1	-1	0
3333	1	1	1
3334	1	1	1
3335	1	-1	0
3336	1	-1	0
3337	1	-1	0
3338	-1	1	0
3339	1	-1	0
3340	1	-1	0
3341	1	-1	0
3342	1	1	1
3343	-1	1	0
3344	-1	-1	1
3345	1	-1	0
3346	1	-1	0
3347	1	1	1
3348	1	-1	0
3349	1	-1	0
3350	1	-1	0
3351	1	-1	0
3352	1	-1	0
3353	1	1	1
3354	1	-1	0
3355	1	-1	0
3356	1	1	1
3357	1	1	1
3358	1	-1	0
3359	1	-1	0
3360	1	1	1
3361	1	1	1
3362	1	-1	0
3363	1	1	1
3364	1	-1	0
3365	1	-1	0
3366	1	1	1
3367	1	-1	0
3368	1	-1	0
3369	1	-1	0
3370	1	-1	0
3371	1	1	1
3372	1	-1	0
3373	1	-1	0
3374	1	-1	0
3375	-1	1	0
3376	1	-1	0
3377	1	-1	0
3378	-1	-1	1
3379	1	-1	0
3380	1	1	1
3381	1	-1	0
3382	1	1	1
3383	1	-1	0
3384	1	-1	0
3385	1	-1	0
3386	1	1	1
3387	1	-1	0
3388	1	1	1
3389	1	-1	0
3390	1	-1	0
3391	1	-1	0
3392	1	-1	0
3393	1	-1	0
3394	1	1	1
3395	1	-1	0
3396	1	-1	0
3397	1	1	1
3398	1	-1	0
3399	1	1	1
3400	1	-1	0
3401	1	-1	0
3402	-1	-1	1
3403	1	-1	0
3404	-1	1	0
3405	1	1	1
3406	1	1	1
3407	1	-1	0
3408	1	-1	0
3409	1	1	1
3410	1	1	1
3411	1	1	1
3412	1	1	1
3413	1	-1	0
3414	1	1	1
3415	1	-1	0
3416	1	1	1
3417	1	-1	0
3418	1	-1	0
3419	1	-1	0
3420	1	-1	0
3421	1	1	1
3422	-1	-1	1
3423	-1	-1	1
3424	1	-1	0
3425	1	-1	0
3426	1	1	1
3427	1	-1	0
3428	1	1	1
3429	1	-1	0
3430	1	-1	0
3431	-1	1	0
3432	1	1	1
3433	1	-1	0
3434	1	1	1
3435	1	1	1
3436	1	1	1
3437	1	-1	0
3438	1	-1	0
3439	1	-1	0
3440	1	-1	0
3441	1	-1	0
3442	1	-1	0
3443	1	-1	0
3444	1	-1	0
3445	-1	-1	1
3446	-1	1	0
3447	1	-1	0
3448	1	-1	0
3449	1	-1	0
3450	1	-1	0
3451	1	-1	0
3452	-1	-1	1
3453	1	-1	0
3454	1	1	1
3455	1	1	1
3456	1	-1	0
3457	1	1	1
3458	1	-1	0
3459	-1	-1	1
3460	-1	-1	1
3461	1	-1	0
3462	1	-1	0
3463	1	-1	0
3464	1	1	1
3465	1	1	1
3466	-1	1	0
3467	1	1	1
3468	-1	-1	1
3469	1	1	1
3470	1	1	1
3471	-1	-1	1
3472	1	-1	0
3473	1	1	1
3474	1	1	1
3475	1	1	1
3476	-1	1	0
3477	1	-1	0
3478	1	-1	0
3479	1	-1	0
3480	1	-1	0
3481	1	-1	0
3482	1	1	1
3483	1	-1	0
3484	1	-1	0
3485	1	1	1
3486	1	-1	0
3487	-1	1	0
3488	1	-1	0
3489	1	1	1
3490	1	1	1
3491	1	1	1
3492	1	1	1
3493	1	-1	0
3494	1	-1	0
3495	-1	1	0
3496	1	-1	0
3497	1	-1	0
3498	1	-1	0
3499	1	-1	0
3500	1	-1	0
3501	1	-1	0
3502	1	-1	0
3503	1	-1	0
3504	1	-1	0
3505	1	-1	0
3506	1	1	1
3507	1	-1	0
3508	1	-1	0
3509	1	-1	0
3510	1	1	1
3511	1	1	1
3512	1	-1	0
3513	1	-1	0
3514	-1	-1	1
3515	1	-1	0
3516	1	1	1
3517	1	-1	0
3518	1	-1	0
3519	1	-1	0
3520	1	-1	0
3521	1	-1	0
3522	-1	-1	1
3523	1	-1	0
3524	1	1	1
3525	1	1	1
3526	1	-1	0
3527	1	1	1
3528	1	1	1
3529	-1	-1	1
3530	1	1	1
3531	1	-1	0
3532	1	1	1
3533	1	1	1
3534	1	-1	0
3535	1	1	1
3536	1	-1	0
3537	1	1	1
3538	1	-1	0
3539	1	-1	0
3540	1	1	1
3541	1	-1	0
3542	1	1	1
3543	1	-1	0
3544	1	-1	0
3545	-1	-1	1
3546	1	1	1
3547	1	-1	0
3548	-1	-1	1
3549	1	-1	0
3550	1	-1	0
3551	1	-1	0
3552	1	-1	0
3553	-1	1	0
3554	-1	1	0
3555	1	1	1
3556	1	-1	0
3557	1	1	1
3558	-1	-1	1
3559	-1	-1	1
3560	1	-1	0
3561	1	-1	0
3562	1	1	1
3563	-1	1	0
3564	1	-1	0
3565	1	1	1
3566	1	1	1
3567	-1	-1	1
3568	1	-1	0
3569	-1	-1	1
3570	1	-1	0
3571	1	1	1
3572	1	1	1
3573	1	1	1
3574	1	1	1
3575	1	1	1
3576	1	-1	0
3577	-1	-1	1
3578	1	1	1
3579	1	1	1
3580	1	-1	0
3581	1	1	1
3582	-1	1	0
3583	1	1	1
3584	-1	1	0
3585	1	1	1
3586	1	-1	0
3587	1	-1	0
3588	1	-1	0
3589	1	-1	0
3590	1	1	1
3591	1	-1	0
3592	1	1	1
3593	1	-1	0
3594	1	-1	0
3595	1	-1	0
3596	-1	1	0
3597	1	1	1
3598	-1	1	0
3599	1	1	1
3600	1	-1	0
3601	1	-1	0
3602	1	1	1
3603	-1	-1	1
3604	-1	-1	1
3605	1	1	1
3606	1	1	1
3607	1	-1	0
3608	1	1	1
3609	1	1	1
3610	1	-1	0
3611	1	-1	0
3612	1	-1	0
3613	1	1	1
3614	1	1	1
3615	1	1	1
3616	1	-1	0
3617	1	1	1
3618	-1	-1	1
3619	1	1	1
3620	1	-1	0
3621	1	-1	0
3622	1	-1	0
3623	-1	-1	1
3624	1	-1	0
3625	1	-1	0
3626	-1	-1	1
3627	1	1	1
3628	1	-1	0
3629	1	-1	0
3630	1	-1	0
3631	1	-1	0
3632	1	1	1
3633	1	-1	0
3634	1	-1	0
3635	-1	1	0
3636	1	-1	0
3637	1	1	1
3638	1	-1	0
3639	-1	1	0
3640	1	-1	0
3641	-1	-1	1
3642	1	-1	0
3643	-1	-1	1
3644	1	-1	0
3645	1	-1	0
3646	1	-1	0
3647	1	-1	0
3648	1	1	1
3649	1	-1	0
3650	1	-1	0
3651	1	1	1
3652	1	-1	0
3653	1	-1	0
3654	1	-1	0
3655	1	1	1
3656	1	-1	0
3657	1	-1	0
3658	1	-1	0
3659	1	-1	0
3660	1	-1	0
3661	1	1	1
3662	1	-1	0
3663	1	1	1
3664	1	-1	0
3665	1	-1	0
3666	1	-1	0
3667	1	1	1
3668	1	-1	0
3669	1	-1	0
3670	1	-1	0
3671	1	-1	0
3672	1	-1	0
3673	1	1	1
3674	1	1	1
3675	1	-1	0
3676	1	-1	0
3677	1	-1	0
3678	1	-1	0
3679	1	-1	0
3680	1	-1	0
3681	1	1	1
3682	1	-1	0
3683	1	1	1
3684	1	1	1
3685	1	1	1
3686	1	-1	0
3687	1	1	1
3688	1	-1	0
3689	1	1	1
3690	1	-1	0
3691	1	-1	0
3692	1	-1	0
3693	1	-1	0
3694	1	1	1
3695	1	-1	0
3696	1	-1	0
3697	1	1	1
3698	-1	-1	1
3699	1	-1	0
3700	1	-1	0
3701	1	-1	0
3702	1	-1	0
3703	-1	-1	1
3704	1	-1	0
3705	-1	-1	1
3706	-1	1	0
3707	1	-1	0
3708	1	1	1
3709	1	1	1
3710	1	1	1
3711	1	-1	0
3712	1	-1	0
3713	1	-1	0
3714	1	-1	0
3715	-1	-1	1
3716	1	1	1
3717	1	-1	0
3718	-1	-1	1
3719	1	-1	0
3720	1	-1	0
3721	1	1	1
3722	-1	1	0
3723	1	-1	0
3724	1	-1	0
3725	1	-1	0
3726	1	1	1
3727	-1	-1	1
3728	1	-1	0
3729	1	1	1
3730	1	-1	0
3731	1	-1	0
3732	1	-1	0
3733	1	-1	0
3734	1	1	1
3735	1	-1	0
3736	1	1	1
3737	1	-1	0
3738	1	-1	0
3739	1	-1	0
3740	1	-1	0
3741	1	-1	0
3742	1	1	1
3743	1	-1	0
3744	1	1	1
3745	-1	-1	1
3746	1	-1	0
3747	1	-1	0
3748	-1	-1	1
3749	1	-1	0
3750	1	-1	0
3751	1	1	1
3752	1	1	1
3753	-1	-1	1
3754	1	-1	0
3755	1	-1	0
3756	1	-1	0
3757	-1	-1	1
3758	1	-1	0
3759	1	1	1
3760	1	1	1
3761	1	-1	0
3762	1	-1	0
3763	1	-1	0
3764	1	-1	0
3765	1	1	1
3766	1	-1	0
3767	1	-1	0
3768	1	-1	0
3769	-1	1	0
3770	1	-1	0
3771	1	-1	0
3772	1	1	1
3773	1	-1	0
3774	1	-1	0
3775	1	-1	0
3776	1	-1	0
3777	1	-1	0
3778	1	-1	0
3779	1	-1	0
3780	1	-1	0
3781	1	-1	0
3782	1	-1	0
3783	1	-1	0
3784	1	-1	0
3785	1	-1	0
3786	1	-1	0
3787	1	-1	0
3788	1	1	1
3789	1	1	1
3790	1	-1	0
3791	-1	-1	1
3792	-1	-1	1
3793	1	-1	0
3794	1	-1	0
3795	1	-1	0
3796	1	-1	0
3797	1	1	1
3798	1	1	1
3799	1	-1	0
3800	1	-1	0
3801	1	-1	0
3802	1	1	1
3803	1	-1	0
3804	1	-1	0
3805	1	1	1
3806	1	-1	0
3807	1	1	1
3808	1	-1	0
3809	1	-1	0
3810	1	-1	0
3811	1	1	1
3812	1	-1	0
3813	1	-1	0
3814	1	-1	0
3815	1	-1	0
3816	1	-1	0
3817	1	-1	0
3818	-1	-1	1
3819	1	-1	0
3820	1	-1	0
3821	-1	-1	1
3822	1	-1	0
3823	1	1	1
3824	1	-1	0
3825	1	1	1
3826	1	-1	0
3827	-1	-1	1
3828	1	-1	0
3829	1	-1	0
3830	1	1	1
3831	1	-1	0
3832	1	-1	0
3833	1	-1	0
3834	1	-1	0
3835	1	1	1
3836	-1	-1	1
3837	1	-1	0
3838	1	1	1
3839	1	-1	0
3840	1	-1	0
3841	1	1	1
3842	1	-1	0
3843	1	-1	0
3844	1	-1	0
3845	1	1	1
3846	1	-1	0
3847	1	-1	0
3848	1	1	1
3849	-1	-1	1
3850	1	1	1
3851	1	-1	0
3852	1	-1	0
3853	1	-1	0
3854	1	-1	0
3855	1	-1	0
3856	1	-1	0
3857	1	-1	0
3858	1	-1	0
3859	1	1	1
3860	1	-1	0
3861	1	-1	0
3862	1	1	1
3863	1	-1	0
3864	1	-1	0
3865	1	1	1
3866	1	-1	0
3867	1	-1	0
3868	1	1	1
3869	1	-1	0
3870	1	-1	0
3871	1	1	1
3872	-1	-1	1
3873	1	-1	0
3874	1	-1	0
3875	1	-1	0
3876	1	-1	0
3877	1	-1	0
3878	1	-1	0
3879	1	-1	0
3880	1	1	1
3881	-1	1	0
3882	1	-1	0
3883	1	-1	0
3884	1	-1	0
3885	1	-1	0
3886	1	-1	0
3887	1	-1	0
3888	1	-1	0
3889	1	1	1
3890	1	-1	0
3891	1	-1	0
3892	1	-1	0
3893	1	-1	0
3894	1	-1	0
3895	1	-1	0
3896	1	1	1
3897	1	-1	0
3898	-1	-1	1
3899	1	1	1
3900	-1	-1	1
3901	1	-1	0
3902	1	-1	0
3903	1	-1	0
3904	-1	-1	1
3905	1	1	1
3906	1	-1	0
3907	1	-1	0
3908	1	-1	0
3909	1	-1	0
3910	-1	-1	1
3911	1	-1	0
3912	1	1	1
3913	1	-1	0
3914	1	-1	0
3915	1	-1	0
3916	-1	1	0
3917	1	1	1
3918	1	1	1
3919	-1	1	0
3920	1	-1	0
3921	1	1	1
3922	1	1	1
3923	1	1	1
3924	1	1	1
3925	1	-1	0
3926	1	-1	0
3927	1	-1	0
3928	1	1	1
3929	-1	1	0
3930	-1	-1	1
3931	1	1	1
3932	1	1	1
3933	1	-1	0
3934	-1	-1	1
3935	1	-1	0
3936	1	1	1
3937	-1	-1	1
3938	-1	1	0
3939	1	-1	0
3940	1	-1	0
3941	-1	1	0
3942	1	-1	0
3943	1	-1	0
3944	1	-1	0
3945	1	-1	0
3946	1	-1	0
3947	1	1	1
3948	1	1	1
3949	1	1	1
3950	1	-1	0
3951	1	-1	0
3952	1	1	1
3953	1	-1	0
3954	1	-1	0
3955	1	1	1
3956	1	-1	0
3957	-1	-1	1
3958	1	1	1
3959	1	1	1
3960	1	1	1
3961	-1	-1	1
3962	1	-1	0
3963	1	1	1
3964	-1	-1	1
3965	1	-1	0
3966	-1	1	0
3967	1	-1	0
3968	1	1	1
3969	1	-1	0
3970	1	1	1
3971	1	1	1
3972	1	-1	0
3973	1	-1	0
3974	1	-1	0
3975	1	-1	0
3976	-1	1	0
3977	1	-1	0
3978	1	-1	0
3979	1	-1	0
3980	1	-1	0
3981	1	-1	0
3982	1	1	1
3983	-1	-1	1
3984	1	-1	0
3985	1	-1	0
3986	-1	-1	1
3987	1	1	1
3988	-1	-1	1
3989	-1	-1	1
3990	1	-1	0
3991	1	-1	0
3992	1	-1	0
3993	1	-1	0
3994	1	-1	0
3995	1	1	1
3996	1	-1	0
3997	1	1	1
3998	1	-1	0
3999	1	-1	0
4000	1	-1	0
4001	-1	1	0
4002	1	-1	0
4003	1	-1	0
4004	1	-1	0
4005	-1	-1	1
4006	1	-1	0
4007	1	-1	0
4008	1	-1	0
4009	1	1	1
4010	1	-1	0
4011	1	1	1
4012	1	-1	0
4013	1	-1	0
4014	1	-1	0
4015	1	-1	0
4016	1	-1	0
4017	1	1	1
4018	1	1	1
4019	-1	-1	1
4020	1	-1	0
4021	1	-1	0
4022	1	-1	0
4023	-1	-1	1
4024	1	-1	0
4025	1	-1	0
4026	-1	-1	1
4027	1	-1	0
4028	1	-1	0
4029	1	-1	0
4030	1	-1	0
4031	1	-1	0
4032	1	1	1
4033	1	1	1
4034	1	-1	0
4035	1	-1	0
4036	1	-1	0
4037	1	-1	0
4038	1	-1	0
4039	-1	1	0
4040	1	-1	0
4041	1	-1	0
4042	1	-1	0
4043	1	1	1
4044	1	-1	0
4045	1	-1	0
4046	1	-1	0
4047	1	1	1
4048	1	1	1
4049	1	1	1
4050	1	1	1
4051	1	1	1
4052	1	-1	0
4053	1	-1	0
4054	1	1	1
4055	-1	-1	1
4056	1	-1	0
4057	-1	1	0
4058	1	-1	0
4059	1	-1	0
4060	1	1	1
4061	1	-1	0
4062	1	-1	0
4063	1	1	1
4064	1	-1	0
4065	1	1	1
4066	1	1	1
4067	1	-1	0
4068	1	-1	0
4069	1	1	1
4070	1	1	1
4071	1	-1	0
4072	1	1	1
4073	1	-1	0
4074	1	1	1
4075	1	-1	0
4076	-1	-1	1
4077	1	-1	0
4078	1	1	1
4079	1	-1	0
4080	1	1	1
4081	1	-1	0
4082	-1	-1	1
4083	1	1	1
4084	1	-1	0
4085	1	-1	0
4086	1	-1	0
4087	1	-1	0
4088	1	1	1
4089	1	-1	0
4090	1	-1	0
4091	1	-1	0
4092	1	-1	0
4093	1	1	1
4094	1	-1	0
4095	1	-1	0
4096	1	-1	0
4097	1	-1	0
4098	1	1	1
4099	1	1	1
4100	1	-1	0
4101	-1	1	0
4102	1	-1	0
4103	1	1	1
4104	1	1	1
4105	1	1	1
4106	1	-1	0
4107	1	1	1
4108	1	1	1
4109	1	-1	0
4110	1	-1	0
4111	1	1	1
4112	1	-1	0
4113	1	1	1
4114	1	1	1
4115	1	-1	0
4116	-1	1	0
4117	1	-1	0
4118	1	-1	0
4119	1	-1	0
4120	1	-1	0
4121	1	1	1
4122	1	-1	0
4123	1	-1	0
4124	1	-1	0
4125	1	-1	0
4126	1	-1	0
4127	1	-1	0
4128	1	-1	0
4129	1	-1	0
4130	1	-1	0
4131	1	1	1
4132	-1	-1	1
4133	1	-1	0
4134	1	-1	0
4135	1	-1	0
4136	1	1	1
4137	-1	-1	1
4138	1	-1	0
4139	1	1	1
4140	1	1	1
4141	1	1	1
4142	1	1	1
4143	1	-1	0
4144	1	-1	0
4145	1	-1	0
4146	1	1	1
4147	1	1	1
4148	1	1	1
4149	1	-1	0
4150	-1	1	0
4151	-1	-1	1
4152	-1	1	0
4153	1	-1	0
4154	1	-1	0
4155	1	-1	0
4156	1	-1	0
4157	1	-1	0
4158	1	-1	0
4159	1	-1	0
4160	1	-1	0
4161	1	-1	0
4162	1	1	1
4163	1	-1	0
4164	1	-1	0
4165	-1	-1	1
4166	1	1	1
4167	1	1	1
4168	1	1	1
4169	1	-1	0
4170	-1	-1	1
4171	1	1	1
4172	1	-1	0
4173	1	-1	0
4174	1	-1	0
4175	1	1	1
4176	1	-1	0
4177	1	1	1
4178	1	-1	0
4179	1	1	1
4180	-1	-1	1
4181	1	-1	0
4182	-1	1	0
4183	1	-1	0
4184	1	-1	0
4185	-1	1	0
4186	1	-1	0
4187	1	-1	0
4188	-1	-1	1
4189	1	1	1
4190	1	1	1
4191	1	-1	0
4192	1	-1	0
4193	1	-1	0
4194	1	-1	0
4195	1	1	1
4196	-1	-1	1
4197	1	-1	0
4198	-1	-1	1
4199	1	-1	0
4200	1	-1	0
4201	-1	1	0
4202	1	-1	0
4203	1	-1	0
4204	1	-1	0
4205	-1	-1	1
4206	1	-1	0
4207	1	-1	0
4208	-1	-1	1
4209	1	-1	0
4210	1	-1	0
4211	1	1	1
4212	1	-1	0
4213	1	-1	0
4214	1	1	1
4215	1	1	1
4216	1	1	1
4217	1	-1	0
4218	1	-1	0
4219	1	-1	0
4220	1	-1	0
4221	1	-1	0
4222	1	-1	0
4223	-1	-1	1
4224	-1	-1	1
4225	1	1	1
4226	1	-1	0
4227	1	-1	0
4228	1	-1	0
4229	1	-1	0
4230	1	-1	0
4231	1	-1	0
4232	1	-1	0
4233	1	1	1
4234	1	-1	0
4235	1	-1	0
4236	1	-1	0
4237	1	1	1
4238	1	1	1
4239	1	1	1
4240	1	-1	0
4241	1	-1	0
4242	1	-1	0
4243	1	-1	0
4244	1	-1	0
4245	-1	-1	1
4246	-1	-1	1
4247	-1	-1	1
4248	1	-1	0
4249	1	-1	0
4250	1	-1	0
4251	1	-1	0
4252	1	-1	0
4253	1	-1	0
4254	-1	1	0
4255	1	-1	0
4256	1	1	1
4257	1	-1	0
4258	1	-1	0
4259	1	-1	0
4260	1	-1	0
4261	1	-1	0
4262	1	-1	0
4263	1	-1	0
4264	1	1	1
4265	1	-1	0
4266	1	1	1
4267	1	-1	0
4268	1	1	1
4269	1	-1	0
4270	1	-1	0
4271	-1	1	0
4272	1	-1	0
4273	1	-1	0
4274	1	1	1
4275	1	-1	0
4276	1	-1	0
4277	1	-1	0
4278	1	1	1
4279	1	1	1
4280	1	-1	0
4281	1	-1	0
4282	1	-1	0
4283	-1	-1	1
4284	1	-1	0
4285	1	-1	0
4286	1	-1	0
4287	1	1	1
4288	1	-1	0
4289	1	-1	0
4290	-1	1	0
4291	1	-1	0
4292	1	-1	0
4293	1	-1	0
4294	1	-1	0
4295	1	1	1
4296	1	-1	0
4297	-1	1	0
4298	1	-1	0
4299	1	1	1
4300	1	-1	0
4301	1	-1	0
4302	1	-1	0
4303	1	1	1
4304	1	1	1
4305	-1	1	0
4306	-1	-1	1
4307	1	1	1
4308	1	-1	0
4309	1	-1	0
4310	1	-1	0
4311	-1	-1	1
4312	1	-1	0
4313	1	-1	0
4314	1	-1	0
4315	1	-1	0
4316	1	-1	0
4317	1	1	1
4318	1	1	1
4319	1	-1	0
4320	1	1	1
4321	-1	1	0
4322	1	1	1
4323	-1	-1	1
4324	1	-1	0
4325	1	-1	0
4326	1	-1	0
4327	1	-1	0
4328	1	1	1
4329	1	-1	0
4330	1	-1	0
4331	1	1	1
4332	-1	-1	1
4333	-1	-1	1
4334	1	1	1
4335	1	-1	0
4336	-1	1	0
4337	-1	1	0
4338	1	-1	0
4339	-1	-1	1
4340	1	-1	0
4341	-1	-1	1
4342	1	1	1
4343	1	1	1
4344	1	-1	0
4345	1	-1	0
4346	1	1	1
4347	-1	1	0
4348	1	1	1
4349	1	-1	0
4350	1	-1	0
4351	1	-1	0
4352	1	-1	0
4353	1	-1	0
4354	1	1	1
4355	1	-1	0
4356	1	-1	0
4357	1	-1	0
4358	1	-1	0
4359	1	-1	0
4360	1	1	1
4361	1	-1	0
4362	1	-1	0
4363	1	-1	0
4364	1	-1	0
4365	1	-1	0
4366	1	1	1
4367	1	-1	0
4368	1	1	1
4369	-1	-1	1
4370	1	-1	0
4371	1	-1	0
4372	1	-1	0
4373	1	1	1
4374	1	1	1
4375	1	1	1
4376	1	1	1
4377	1	-1	0
4378	1	1	1
4379	1	1	1
4380	1	1	1
4381	1	1	1
4382	1	-1	0
4383	1	-1	0
4384	1	-1	0
4385	1	-1	0
4386	-1	-1	1
4387	1	-1	0
4388	1	-1	0
4389	1	-1	0
4390	-1	-1	1
4391	1	-1	0
4392	1	-1	0
4393	1	1	1
4394	1	-1	0
4395	1	-1	0
4396	1	-1	0
4397	1	-1	0
4398	1	-1	0
4399	1	-1	0
4400	-1	1	0
4401	1	1	1
4402	-1	1	0
4403	-1	-1	1
4404	1	-1	0
4405	1	1	1
4406	1	1	1
4407	1	-1	0
4408	-1	-1	1
4409	-1	1	0
4410	1	1	1
4411	1	-1	0
4412	1	-1	0
4413	1	-1	0
4414	1	-1	0
4415	1	-1	0
4416	1	-1	0
4417	1	-1	0
4418	1	1	1
4419	1	1	1
4420	1	-1	0
4421	-1	-1	1
4422	1	1	1
4423	1	1	1
4424	1	-1	0
4425	1	-1	0
4426	1	-1	0
4427	-1	-1	1
4428	1	-1	0
4429	1	-1	0
4430	1	-1	0
4431	-1	1	0
4432	-1	-1	1
4433	1	-1	0
4434	1	-1	0
4435	1	-1	0
4436	1	-1	0
4437	1	-1	0
4438	1	1	1
4439	1	-1	0
4440	1	-1	0
4441	1	-1	0
4442	1	-1	0
4443	1	1	1
4444	1	-1	0
4445	1	-1	0
4446	1	1	1
4447	1	1	1
4448	1	-1	0
4449	1	1	1
4450	1	-1	0
4451	1	-1	0
4452	1	-1	0
4453	1	-1	0
4454	1	-1	0
4455	1	-1	0
4456	1	-1	0
4457	1	1	1
4458	-1	1	0
4459	-1	-1	1
4460	1	-1	0
4461	1	-1	0
4462	1	-1	0
4463	-1	1	0
4464	1	1	1
4465	1	1	1
4466	1	-1	0
4467	1	-1	0
4468	1	1	1
4469	1	-1	0
4470	1	-1	0
4471	1	-1	0
4472	1	-1	0
4473	1	-1	0
4474	1	1	1
4475	1	1	1
4476	1	-1	0
4477	1	1	1
4478	1	-1	0
4479	1	1	1
4480	1	-1	0
4481	1	-1	0
4482	1	-1	0
4483	1	-1	0
4484	1	-1	0
4485	1	1	1
4486	1	1	1
4487	1	-1	0
4488	1	-1	0
4489	1	1	1
4490	1	-1	0
4491	1	-1	0
4492	1	-1	0
4493	1	1	1
4494	1	-1	0
4495	1	1	1
4496	-1	1	0
4497	1	1	1
4498	-1	-1	1
4499	1	1	1
4500	1	-1	0
4501	1	1	1
4502	1	-1	0
4503	1	1	1
4504	-1	1	0
4505	1	-1	0
4506	-1	-1	1
4507	1	1	1
4508	-1	-1	1
4509	1	-1	0
4510	1	-1	0
4511	1	-1	0
4512	1	-1	0
4513	1	-1	0
4514	-1	1	0
4515	1	1	1
4516	-1	-1	1
4517	1	-1	0
4518	1	-1	0
4519	-1	-1	1
4520	-1	1	0
4521	1	-1	0
4522	1	-1	0
4523	1	-1	0
4524	1	1	1
4525	-1	-1	1
4526	1	-1	0
4527	1	-1	0
4528	1	-1	0
4529	1	-1	0
4530	1	-1	0
4531	1	-1	0
4532	1	1	1
4533	1	-1	0
4534	1	-1	0
4535	1	1	1
4536	1	-1	0
4537	1	1	1
4538	1	-1	0
4539	1	-1	0
4540	1	-1	0
4541	1	-1	0
4542	1	1	1
4543	1	1	1
4544	1	-1	0
4545	1	1	1
4546	1	-1	0
4547	1	-1	0
4548	1	-1	0
4549	1	-1	0
4550	1	-1	0
4551	1	-1	0
4552	1	1	1
4553	1	1	1
4554	1	-1	0
4555	-1	-1	1
4556	-1	-1	1
4557	-1	-1	1
4558	1	-1	0
4559	1	1	1
4560	1	-1	0
4561	1	-1	0
4562	1	-1	0
4563	1	-1	0
4564	1	-1	0
4565	-1	1	0
4566	1	-1	0
4567	1	-1	0
4568	1	-1	0
4569	-1	1	0
4570	1	1	1
4571	1	1	1
4572	1	-1	0
4573	1	-1	0
4574	1	1	1
4575	1	1	1
4576	1	-1	0
4577	1	1	1
4578	1	-1	0
4579	1	-1	0
4580	1	-1	0
4581	-1	-1	1
4582	1	-1	0
4583	1	-1	0
4584	1	-1	0
4585	1	-1	0
4586	-1	-1	1
4587	1	-1	0
4588	1	-1	0
4589	1	-1	0
4590	1	-1	0
4591	1	-1	0
4592	1	1	1
4593	1	-1	0
4594	1	1	1
4595	1	1	1
4596	1	-1	0
4597	1	-1	0
4598	1	-1	0
4599	1	1	1
4600	1	-1	0
4601	1	-1	0
4602	1	-1	0
4603	1	1	1
4604	1	-1	0
4605	1	1	1
4606	1	1	1
4607	1	1	1
4608	1	-1	0
4609	1	-1	0
4610	1	-1	0
4611	1	-1	0
4612	1	-1	0
4613	1	1	1
4614	1	1	1
4615	1	-1	0
4616	1	-1	0
4617	1	-1	0
4618	-1	-1	1
4619	1	-1	0
4620	1	1	1
4621	1	1	1
4622	1	-1	0
4623	1	-1	0
4624	1	-1	0
4625	1	-1	0
4626	1	-1	0
4627	-1	-1	1
4628	1	1	1
4629	1	-1	0
4630	1	-1	0
4631	-1	-1	1
4632	1	-1	0
4633	-1	-1	1
4634	1	-1	0
4635	1	-1	0
4636	-1	-1	1
4637	1	-1	0
4638	-1	-1	1
4639	1	1	1
4640	1	-1	0
4641	1	-1	0
4642	1	1	1
4643	1	1	1
4644	1	-1	0
4645	-1	1	0
4646	1	-1	0
4647	1	-1	0
4648	-1	1	0
4649	-1	-1	1
4650	1	1	1
4651	1	-1	0
4652	1	-1	0
4653	1	-1	0
4654	-1	1	0
4655	1	-1	0
4656	1	-1	0
4657	1	-1	0
4658	1	-1	0
4659	-1	-1	1
4660	-1	-1	1
4661	1	-1	0
4662	1	-1	0
4663	1	1	1
4664	1	-1	0
4665	-1	-1	1
4666	1	-1	0
4667	-1	-1	1
4668	1	1	1
4669	1	1	1
4670	1	-1	0
4671	1	-1	0
4672	1	1	1
4673	1	1	1
4674	-1	-1	1
4675	1	-1	0
4676	-1	-1	1
4677	1	-1	0
4678	1	-1	0
4679	1	-1	0
4680	-1	1	0
4681	1	-1	0
4682	1	1	1
4683	1	-1	0
4684	1	-1	0
4685	1	1	1
4686	1	-1	0
4687	1	-1	0
4688	1	-1	0
4689	1	-1	0
4690	1	-1	0
4691	1	-1	0
4692	1	-1	0
4693	1	1	1
4694	1	-1	0
4695	1	-1	0
4696	-1	-1	1
4697	1	-1	0
4698	1	-1	0
4699	1	-1	0
4700	1	1	1
4701	1	-1	0
4702	1	1	1
4703	1	-1	0
4704	1	-1	0
4705	-1	1	0
4706	-1	-1	1
4707	1	1	1
4708	1	1	1
4709	1	1	1
4710	1	-1	0
4711	1	1	1
4712	1	1	1
4713	1	1	1
4714	1	-1	0
4715	1	1	1
4716	1	-1	0
4717	1	-1	0
4718	1	1	1
4719	1	-1	0
4720	1	-1	0
4721	1	1	1
4722	1	-1	0
4723	-1	-1	1
4724	1	-1	0
4725	1	1	1
4726	1	-1	0
4727	1	-1	0
4728	1	1	1
4729	1	-1	0
4730	1	-1	0
4731	1	-1	0
4732	1	-1	0
4733	1	-1	0
4734	1	-1	0
4735	1	1	1
4736	1	-1	0
4737	1	1	1
4738	1	-1	0
4739	-1	1	0
4740	1	1	1
4741	1	-1	0
4742	1	-1	0
4743	1	-1	0
4744	1	1	1
4745	1	-1	0
4746	1	1	1
4747	-1	-1	1
4748	1	-1	0
4749	1	1	1
4750	1	-1	0
4751	1	-1	0
4752	-1	1	0
4753	1	-1	0
4754	1	-1	0
4755	1	-1	0
4756	1	1	1
4757	1	-1	0
4758	1	-1	0
4759	1	1	1
4760	1	-1	0
4761	1	-1	0
4762	1	1	1
4763	1	-1	0
4764	1	-1	0
4765	1	-1	0
4766	1	-1	0
4767	1	-1	0
4768	1	-1	0
4769	1	-1	0
4770	1	-1	0
4771	1	-1	0
4772	1	1	1
4773	1	1	1
4774	1	1	1
4775	1	-1	0
4776	1	-1	0
4777	1	-1	0
4778	1	1	1
4779	1	-1	0
4780	1	-1	0
4781	1	1	1
4782	1	-1	0
4783	1	-1	0
4784	1	-1	0
4785	1	-1	0
4786	1	1	1
4787	1	-1	0
4788	-1	1	0
4789	1	1	1
4790	1	-1	0
4791	1	1	1
4792	1	-1	0
4793	-1	-1	1
4794	1	1	1
4795	1	-1	0
4796	1	-1	0
4797	1	-1	0
4798	1	1	1
4799	1	-1	0
4800	1	-1	0
4801	1	-1	0
4802	1	-1	0
4803	1	1	1
4804	1	1	1
4805	-1	1	0
4806	1	-1	0
4807	1	-1	0
4808	1	1	1
4809	1	1	1
4810	1	-1	0
4811	1	-1	0
4812	-1	1	0
4813	1	-1	0
4814	1	-1	0
4815	1	-1	0
4816	1	-1	0
4817	-1	1	0
4818	1	-1	0
4819	1	1	1
4820	1	-1	0
4821	1	-1	0
4822	1	-1	0
4823	1	1	1
4824	1	-1	0
4825	1	-1	0
4826	-1	1	0
4827	1	-1	0
4828	1	-1	0
4829	1	-1	0
4830	1	-1	0
4831	1	-1	0
4832	1	-1	0
4833	1	-1	0
4834	1	1	1
4835	1	-1	0
4836	1	-1	0
4837	1	-1	0
4838	-1	-1	1
4839	1	1	1
4840	1	-1	0
4841	1	-1	0
4842	1	-1	0
4843	1	-1	0
4844	1	1	1
4845	1	-1	0
4846	1	-1	0
4847	1	-1	0
4848	1	-1	0
4849	1	-1	0
4850	-1	-1	1
4851	1	1	1
4852	1	-1	0
4853	1	-1	0
4854	1	-1	0
4855	1	-1	0
4856	1	-1	0
4857	1	1	1
4858	1	-1	0
4859	1	-1	0
4860	1	-1	0
4861	1	-1	0
4862	1	1	1
4863	1	1	1
4864	-1	1	0
4865	1	-1	0
4866	1	-1	0
4867	1	-1	0
4868	1	1	1
4869	1	1	1
4870	1	-1	0
4871	1	1	1
4872	1	-1	0
4873	1	1	1
4874	-1	-1	1
4875	-1	-1	1
4876	1	-1	0
4877	-1	-1	1
4878	1	-1	0
4879	1	-1	0
4880	1	-1	0
4881	1	1	1
4882	1	-1	0
4883	1	-1	0
4884	1	1	1
4885	1	1	1
4886	1	-1	0
4887	1	-1	0
4888	1	-1	0
4889	1	-1	0
4890	-1	1	0
4891	1	1	1
4892	1	-1	0
4893	-1	-1	1
4894	1	-1	0
4895	-1	-1	1
4896	1	1	1
4897	1	-1	0
4898	1	-1	0
4899	1	-1	0
4900	1	-1	0
4901	1	-1	0
4902	1	-1	0
4903	1	1	1
4904	1	-1	0
4905	1	1	1
4906	1	-1	0
4907	1	-1	0
4908	1	-1	0
4909	1	1	1
4910	1	-1	0
4911	-1	1	0
4912	1	-1	0
4913	1	-1	0
4914	1	1	1
4915	1	-1	0
4916	1	-1	0
4917	1	-1	0
4918	1	1	1
4919	1	1	1
4920	1	-1	0
4921	-1	1	0
4922	1	-1	0
4923	1	-1	0
4924	1	1	1
4925	1	-1	0
4926	-1	-1	1
4927	1	1	1
4928	1	-1	0
4929	1	1	1
4930	1	1	1
4931	1	1	1
4932	1	-1	0
4933	1	-1	0
4934	-1	-1	1
4935	1	1	1
4936	1	-1	0
4937	1	-1	0
4938	1	-1	0
4939	1	1	1
4940	1	-1	0
4941	-1	-1	1
4942	1	-1	0
4943	1	-1	0
4944	1	-1	0
4945	1	-1	0
4946	1	1	1
4947	1	1	1
4948	1	-1	0
4949	1	1	1
4950	-1	-1	1
4951	-1	-1	1
4952	1	-1	0
4953	1	1	1
4954	1	1	1
4955	1	-1	0
4956	1	-1	0
4957	-1	-1	1
4958	1	-1	0
4959	1	-1	0
4960	-1	1	0
4961	1	-1	0
4962	1	-1	0
4963	1	-1	0
4964	1	-1	0
4965	1	1	1
4966	1	1	1
4967	1	-1	0
4968	1	-1	0
4969	-1	1	0
4970	1	-1	0
4971	1	-1	0
4972	-1	1	0
4973	1	-1	0
4974	1	-1	0
4975	1	-1	0
4976	1	1	1
4977	1	1	1
4978	1	-1	0
4979	-1	-1	1
4980	-1	1	0
4981	1	-1	0
4982	-1	-1	1
4983	1	-1	0
4984	1	1	1
4985	1	-1	0
4986	1	-1	0
4987	1	-1	0
4988	1	-1	0
4989	1	-1	0
4990	-1	-1	1
4991	1	-1	0
4992	1	-1	0
4993	1	-1	0
4994	1	-1	0
4995	1	-1	0
4996	1	-1	0
4997	1	1	1
4998	1	1	1
4999	1	-1	0
5000	1	-1	0
5001	1	1	1
5002	1	-1	0
5003	1	1	1
5004	1	-1	0
5005	1	-1	0
5006	1	-1	0
5007	1	1	1
5008	1	1	1
5009	1	-1	0
5010	1	-1	0
5011	1	-1	0
5012	1	-1	0
5013	1	1	1
5014	1	-1	0
5015	1	1	1
5016	1	1	1
5017	1	-1	0
5018	1	-1	0
5019	1	1	1
5020	1	-1	0
5021	1	-1	0
5022	1	-1	0
5023	1	1	1
5024	-1	1	0
5025	1	1	1
5026	1	1	1
5027	1	-1	0
5028	1	-1	0
5029	1	-1	0
5030	1	-1	0
5031	1	-1	0
5032	1	1	1
5033	1	-1	0
5034	1	-1	0
5035	-1	1	0
5036	1	1	1
5037	-1	-1	1
5038	-1	-1	1
5039	1	-1	0
5040	-1	-1	1
5041	1	-1	0
5042	1	-1	0
5043	1	-1	0
5044	1	1	1
5045	1	-1	0
5046	1	1	1
5047	1	-1	0
5048	1	-1	0
5049	1	1	1
5050	1	-1	0
5051	1	-1	0
5052	1	-1	0
5053	1	-1	0
5054	1	-1	0
5055	-1	-1	1
5056	1	1	1
5057	1	1	1
5058	-1	-1	1
5059	1	1	1
5060	1	1	1
5061	-1	-1	1
5062	1	1	1
5063	1	-1	0
5064	1	-1	0
5065	1	-1	0
5066	1	-1	0
5067	1	1	1
5068	1	1	1
5069	1	-1	0
5070	1	-1	0
5071	1	-1	0
5072	1	-1	0
5073	1	-1	0
5074	-1	-1	1
5075	1	1	1
5076	1	1	1
5077	1	-1	0
5078	1	1	1
5079	1	-1	0
5080	1	1	1
5081	1	-1	0
5082	1	-1	0
5083	1	-1	0
5084	1	1	1
5085	1	1	1
5086	1	-1	0
5087	1	-1	0
5088	1	1	1
5089	1	-1	0
5090	1	1	1
5091	1	-1	0
5092	1	1	1
5093	1	-1	0
5094	1	1	1
5095	1	-1	0
5096	1	-1	0
5097	1	1	1
5098	-1	-1	1
5099	1	-1	0
5100	1	-1	0
5101	1	1	1
5102	1	1	1
5103	1	1	1
5104	1	-1	0
5105	1	-1	0
5106	1	-1	0
5107	1	-1	0
5108	1	-1	0
5109	1	-1	0
5110	-1	1	0
5111	1	-1	0
5112	1	-1	0
5113	1	-1	0
5114	1	-1	0
5115	1	1	1
5116	1	-1	0
5117	1	-1	0
5118	1	-1	0
5119	1	1	1
5120	1	-1	0
5121	1	1	1
5122	-1	-1	1
5123	1	-1	0
5124	1	1	1
5125	1	-1	0
5126	1	-1	0
5127	-1	-1	1
5128	1	-1	0
5129	1	1	1
5130	1	-1	0
5131	1	1	1
5132	1	-1	0
5133	1	1	1
5134	1	-1	0
5135	1	-1	0
5136	1	-1	0
5137	1	1	1
5138	1	-1	0
5139	1	-1	0
5140	1	-1	0
5141	1	1	1
5142	1	-1	0
5143	1	1	1
5144	1	-1	0
5145	1	-1	0
5146	1	-1	0
5147	1	1	1
5148	1	-1	0
5149	1	-1	0
5150	1	1	1
5151	-1	-1	1
5152	1	1	1
5153	1	-1	0
5154	1	-1	0
5155	1	-1	0
5156	1	1	1
5157	1	-1	0
5158	1	-1	0
5159	1	1	1
5160	1	1	1
5161	1	1	1
5162	1	1	1
5163	1	-1	0
5164	1	1	1
5165	1	1	1
5166	1	-1	0
5167	1	1	1
5168	1	-1	0
5169	1	-1	0
5170	-1	1	0
5171	-1	1	0
5172	1	-1	0
5173	1	-1	0
5174	-1	-1	1
5175	1	-1	0
5176	1	-1	0
5177	1	-1	0
5178	1	-1	0
5179	1	-1	0
5180	1	-1	0
5181	1	-1	0
5182	1	-1	0
5183	1	1	1
5184	1	-1	0
5185	1	1	1
5186	-1	-1	1
5187	1	-1	0
5188	1	1	1
5189	-1	1	0
5190	1	1	1
5191	1	-1	0
5192	1	-1	0
5193	1	-1	0
5194	1	-1	0
5195	1	-1	0
5196	1	-1	0
5197	-1	1	0
5198	1	-1	0
5199	1	-1	0
5200	1	1	1
5201	1	-1	0
5202	1	-1	0
5203	1	-1	0
5204	1	1	1
5205	1	-1	0
5206	1	-1	0
5207	1	-1	0
5208	1	-1	0
5209	1	-1	0
5210	1	-1	0
5211	1	-1	0
5212	1	1	1
5213	1	-1	0
5214	1	-1	0
5215	1	-1	0
5216	1	-1	0
5217	1	-1	0
5218	1	1	1
5219	1	-1	0
5220	-1	-1	1
5221	1	-1	0
5222	1	-1	0
5223	1	-1	0
5224	1	1	1
5225	1	1	1
5226	1	1	1
5227	1	1	1
5228	1	-1	0
5229	1	-1	0
5230	1	-1	0
5231	1	-1	0
5232	1	1	1
5233	1	1	1
5234	1	-1	0
5235	1	1	1
5236	1	-1	0
5237	1	-1	0
5238	1	-1	0
5239	1	-1	0
5240	1	-1	0
5241	1	1	1
5242	1	1	1
5243	1	1	1
5244	1	-1	0
5245	1	-1	0
5246	1	-1	0
5247	1	-1	0
5248	-1	-1	1
5249	-1	1	0
5250	-1	1	0
5251	1	-1	0
5252	-1	-1	1
5253	1	1	1
5254	1	-1	0
5255	1	1	1
5256	1	1	1
5257	1	-1	0
5258	-1	1	0
5259	1	-1	0
5260	1	-1	0
5261	-1	-1	1
5262	1	-1	0
5263	1	1	1
5264	1	-1	0
5265	1	-1	0
5266	1	-1	0
5267	1	-1	0
5268	1	1	1
5269	1	-1	0
5270	1	1	1
5271	1	-1	0
5272	1	-1	0
5273	1	-1	0
5274	1	-1	0
5275	-1	-1	1
5276	1	-1	0
5277	1	-1	0
5278	1	1	1
5279	-1	1	0
5280	1	-1	0
5281	1	-1	0
5282	1	-1	0
5283	1	-1	0
5284	1	-1	0
5285	1	-1	0
5286	1	-1	0
5287	1	1	1
5288	1	1	1
5289	1	1	1
5290	1	1	1
5291	1	-1	0
5292	1	-1	0
5293	1	-1	0
5294	-1	1	0
5295	1	-1	0
5296	1	-1	0
5297	1	-1	0
5298	1	-1	0
5299	1	1	1
5300	1	1	1
5301	1	-1	0
5302	1	-1	0
5303	1	-1	0
5304	1	-1	0
5305	1	-1	0
5306	1	-1	0
5307	-1	-1	1
5308	1	1	1
5309	1	-1	0
5310	-1	-1	1
5311	1	-1	0
5312	1	-1	0
5313	1	-1	0
5314	1	1	1
5315	1	-1	0
5316	1	-1	0
5317	1	-1	0
5318	-1	-1	1
5319	1	-1	0
5320	1	-1	0
5321	1	-1	0
5322	1	-1	0
5323	1	1	1
5324	1	-1	0
5325	-1	-1	1
5326	-1	-1	1
5327	1	-1	0
5328	1	-1	0
5329	1	-1	0
5330	1	-1	0
5331	1	1	1
5332	1	-1	0
5333	1	-1	0
5334	1	-1	0
5335	1	-1	0
5336	1	1	1
5337	1	-1	0
5338	1	-1	0
5339	1	-1	0
5340	1	1	1
5341	1	-1	0
5342	1	-1	0
5343	-1	1	0
5344	-1	-1	1
5345	1	-1	0
5346	-1	1	0
5347	1	-1	0
5348	1	-1	0
5349	1	-1	0
5350	1	1	1
5351	1	1	1
5352	1	-1	0
5353	-1	1	0
5354	1	-1	0
5355	1	-1	0
5356	-1	-1	1
5357	1	1	1
5358	-1	-1	1
5359	-1	1	0
5360	1	-1	0
5361	1	-1	0
5362	1	1	1
5363	1	-1	0
5364	1	1	1
5365	1	-1	0
5366	1	-1	0
5367	1	-1	0
5368	1	-1	0
5369	1	1	1
5370	1	-1	0
5371	-1	1	0
5372	1	-1	0
5373	1	-1	0
5374	1	-1	0
5375	1	1	1
5376	1	1	1
5377	1	-1	0
5378	1	-1	0
5379	1	-1	0
5380	1	1	1
5381	1	1	1
5382	1	1	1
5383	1	-1	0
5384	1	-1	0
5385	-1	-1	1
5386	1	-1	0
5387	1	-1	0
5388	-1	-1	1
5389	1	-1	0
5390	1	-1	0
5391	1	-1	0
5392	1	-1	0
5393	1	-1	0
5394	-1	-1	1
5395	1	-1	0
5396	1	-1	0
5397	1	-1	0
5398	1	1	1
5399	1	1	1
5400	-1	-1	1
5401	1	1	1
5402	1	-1	0
5403	1	-1	0
5404	1	-1	0
5405	-1	-1	1
5406	1	-1	0
5407	-1	1	0
5408	1	-1	0
5409	1	1	1
5410	1	-1	0
5411	1	-1	0
5412	1	-1	0
5413	1	-1	0
5414	1	-1	0
5415	1	-1	0
5416	1	-1	0
5417	-1	1	0
5418	-1	-1	1
5419	1	-1	0
5420	1	1	1
5421	1	-1	0
5422	-1	1	0
5423	1	-1	0
5424	1	-1	0
5425	1	-1	0
5426	1	-1	0
5427	1	-1	0
5428	1	-1	0
5429	1	-1	0
5430	-1	-1	1
5431	1	-1	0
5432	1	-1	0
5433	1	-1	0
5434	1	-1	0
5435	-1	-1	1
5436	1	-1	0
5437	1	-1	0
5438	1	-1	0
5439	1	-1	0
5440	1	-1	0
5441	1	1	1
5442	1	1	1
5443	-1	-1	1
5444	1	-1	0
5445	1	-1	0
5446	1	-1	0
5447	1	-1	0
5448	1	-1	0
5449	1	-1	0
5450	1	1	1
5451	-1	1	0
5452	1	-1	0
5453	1	1	1
5454	1	-1	0
5455	1	-1	0
5456	1	-1	0
5457	1	1	1
5458	1	-1	0
5459	1	-1	0
5460	-1	-1	1
5461	1	-1	0
5462	1	-1	0
5463	1	1	1
5464	1	-1	0
5465	-1	-1	1
5466	-1	-1	1
5467	1	-1	0
5468	1	1	1
5469	1	1	1
5470	1	-1	0
5471	1	-1	0
5472	1	1	1
5473	1	1	1
5474	1	-1	0
5475	1	1	1
5476	1	-1	0
5477	1	-1	0
5478	-1	-1	1
5479	1	-1	0
5480	1	-1	0
5481	1	1	1
5482	1	1	1
5483	1	-1	0
5484	1	-1	0
5485	1	1	1
5486	-1	-1	1
5487	1	-1	0
5488	1	-1	0
5489	1	1	1
5490	1	-1	0
5491	1	-1	0
5492	1	1	1
5493	1	1	1
5494	-1	1	0
5495	1	1	1
5496	1	1	1
5497	1	-1	0
5498	1	-1	0
5499	1	-1	0
5500	1	-1	0
5501	1	-1	0
5502	1	-1	0
5503	1	1	1
5504	1	1	1
5505	1	-1	0
5506	1	-1	0
5507	1	-1	0
5508	1	-1	0
5509	1	1	1
5510	-1	-1	1
5511	1	1	1
5512	1	1	1
5513	1	-1	0
5514	-1	1	0
5515	-1	-1	1
5516	1	1	1
5517	-1	-1	1
5518	1	1	1
5519	1	-1	0
5520	-1	1	0
5521	1	-1	0
5522	1	1	1
5523	-1	-1	1
5524	1	-1	0
5525	1	-1	0
5526	1	1	1
5527	1	-1	0
5528	1	-1	0
5529	1	-1	0
5530	-1	1	0
5531	1	1	1
5532	1	-1	0
5533	1	1	1
5534	1	1	1
5535	1	-1	0
5536	1	-1	0
5537	1	-1	0
5538	1	-1	0
5539	-1	1	0
5540	1	-1	0
5541	1	-1	0
5542	1	1	1
5543	1	-1	0
5544	1	-1	0
5545	1	1	1
5546	1	-1	0
5547	1	1	1
5548	1	1	1
5549	1	-1	0
5550	1	-1	0
5551	1	1	1
5552	1	-1	0
5553	1	-1	0
5554	1	1	1
5555	1	1	1
5556	1	-1	0
5557	1	-1	0
5558	1	-1	0
5559	-1	-1	1
5560	1	1	1
5561	1	1	1
5562	1	-1	0
5563	1	1	1
5564	1	1	1
5565	1	-1	0
5566	1	-1	0
5567	1	-1	0
5568	1	1	1
5569	1	-1	0
5570	1	-1	0
5571	1	1	1
5572	1	-1	0
5573	1	-1	0
5574	-1	-1	1
5575	1	-1	0
5576	1	-1	0
5577	1	-1	0
5578	1	-1	0
5579	-1	-1	1
5580	1	1	1
5581	-1	1	0
5582	1	-1	0
5583	1	-1	0
5584	1	-1	0
5585	1	1	1
5586	1	1	1
5587	1	-1	0
5588	1	-1	0
5589	-1	-1	1
5590	1	-1	0
5591	1	-1	0
5592	1	-1	0
5593	1	-1	0
5594	1	-1	0
5595	1	-1	0
5596	-1	-1	1
5597	1	-1	0
5598	1	-1	0
5599	1	-1	0
5600	1	1	1
5601	1	1	1
5602	1	-1	0
5603	1	-1	0
5604	1	-1	0
5605	1	-1	0
5606	1	-1	0
5607	1	-1	0
5608	1	-1	0
5609	1	-1	0
5610	1	-1	0
5611	1	1	1
5612	1	-1	0
5613	1	-1	0
5614	1	1	1
5615	1	1	1
5616	1	-1	0
5617	1	-1	0
5618	1	1	1
5619	1	1	1
5620	1	-1	0
5621	1	-1	0
5622	1	-1	0
5623	1	1	1
5624	1	-1	0
5625	1	1	1
5626	1	1	1
5627	1	1	1
5628	1	1	1
5629	1	-1	0
5630	1	-1	0
5631	-1	-1	1
5632	1	1	1
5633	1	-1	0
5634	1	-1	0
5635	1	-1	0
5636	1	1	1
5637	1	-1	0
5638	-1	-1	1
5639	1	-1	0
5640	1	-1	0
5641	1	-1	0
5642	-1	-1	1
5643	1	-1	0
5644	1	1	1
5645	1	-1	0
5646	1	-1	0
5647	1	-1	0
5648	1	-1	0
5649	1	-1	0
5650	1	-1	0
5651	1	1	1
5652	1	-1	0
5653	1	-1	0
5654	1	-1	0
5655	-1	-1	1
5656	1	-1	0
5657	1	1	1
5658	1	-1	0
5659	1	-1	0
5660	1	-1	0
5661	1	-1	0
5662	1	-1	0
5663	1	-1	0
5664	-1	-1	1
5665	1	-1	0
5666	1	-1	0
5667	-1	1	0
5668	1	-1	0
5669	1	-1	0
5670	1	1	1
5671	1	-1	0
5672	1	-1	0
5673	1	1	1
5674	1	-1	0
5675	1	-1	0
5676	1	1	1
5677	1	-1	0
5678	1	1	1
5679	1	-1	0
5680	1	-1	0
5681	1	-1	0
5682	-1	-1	1
5683	1	-1	0
5684	-1	-1	1
5685	1	-1	0
5686	1	-1	0
5687	1	-1	0
5688	1	-1	0
5689	1	-1	0
5690	1	1	1
5691	1	-1	0
5692	1	1	1
5693	1	1	1
5694	1	-1	0
5695	1	-1	0
5696	1	-1	0
5697	1	-1	0
5698	1	-1	0
5699	1	-1	0
5700	1	-1	0
5701	1	-1	0
5702	1	-1	0
5703	1	-1	0
5704	1	1	1
5705	1	-1	0
5706	1	-1	0
5707	1	-1	0
5708	1	1	1
5709	1	-1	0
5710	1	-1	0
5711	1	-1	0
5712	1	-1	0
5713	1	1	1
5714	1	-1	0
5715	1	-1	0
5716	1	-1	0
5717	-1	-1	1
5718	1	1	1
5719	1	1	1
5720	1	-1	0
5721	1	-1	0
5722	1	-1	0
5723	1	1	1
5724	1	-1	0
5725	1	-1	0
5726	1	-1	0
5727	-1	-1	1
5728	1	-1	0
5729	1	-1	0
5730	1	-1	0
5731	1	1	1
5732	1	1	1
5733	1	-1	0
5734	1	1	1
5735	1	-1	0
5736	1	-1	0
5737	1	-1	0
5738	1	-1	0
5739	1	-1	0
5740	1	-1	0
5741	1	1	1
5742	-1	-1	1
5743	1	-1	0
5744	-1	1	0
5745	1	1	1
5746	1	-1	0
5747	1	-1	0
5748	1	-1	0
5749	-1	-1	1
5750	1	1	1
5751	1	-1	0
5752	1	-1	0
5753	1	1	1
5754	1	-1	0
5755	1	-1	0
5756	1	-1	0
5757	1	-1	0
5758	1	-1	0
5759	1	-1	0
5760	1	1	1
5761	1	1	1
5762	1	1	1
5763	1	-1	0
5764	1	1	1
5765	1	-1	0
5766	1	-1	0
5767	-1	-1	1
5768	1	-1	0
5769	-1	1	0
5770	1	1	1
5771	1	-1	0
5772	1	-1	0
5773	1	-1	0
5774	1	-1	0
5775	1	1	1
5776	1	1	1
5777	1	-1	0
5778	1	-1	0
5779	1	1	1
5780	1	-1	0
5781	1	-1	0
5782	-1	-1	1
5783	1	-1	0
5784	1	1	1
5785	1	-1	0
5786	1	1	1
5787	1	-1	0
5788	1	-1	0
5789	1	-1	0
5790	1	-1	0
5791	1	1	1
5792	1	-1	0
5793	1	-1	0
5794	1	1	1
5795	1	-1	0
5796	1	1	1
5797	1	-1	0
5798	1	-1	0
5799	1	-1	0
5800	1	-1	0
5801	1	-1	0
5802	1	1	1
5803	1	-1	0
5804	1	-1	0
5805	1	1	1
5806	1	-1	0
5807	1	-1	0
5808	1	-1	0
5809	-1	1	0
5810	1	-1	0
5811	-1	-1	1
5812	1	-1	0
5813	1	-1	0
5814	1	-1	0
5815	1	1	1
5816	1	-1	0
5817	1	-1	0
5818	1	1	1
5819	1	-1	0
5820	1	-1	0
5821	-1	1	0
5822	1	-1	0
5823	1	-1	0
5824	1	1	1
5825	1	-1	0
5826	1	1	1
5827	1	-1	0
5828	1	-1	0
5829	-1	-1	1
5830	-1	-1	1
5831	1	-1	0
5832	1	1	1
5833	1	-1	0
5834	1	1	1
5835	-1	-1	1
5836	1	1	1
5837	1	-1	0
5838	-1	-1	1
5839	1	-1	0
5840	1	-1	0
5841	1	1	1
5842	1	-1	0
5843	1	-1	0
5844	1	1	1
5845	1	-1	0
5846	1	1	1
5847	1	1	1
5848	1	1	1
5849	1	-1	0
5850	1	-1	0
5851	1	1	1
5852	-1	-1	1
5853	1	-1	0
5854	-1	-1	1
5855	1	-1	0
5856	1	-1	0
5857	1	1	1
5858	1	1	1
5859	1	-1	0
5860	1	1	1
5861	1	-1	0
5862	1	-1	0
5863	1	1	1
5864	1	-1	0
5865	1	-1	0
5866	1	1	1
5867	1	-1	0
5868	1	-1	0
5869	1	-1	0
5870	1	-1	0
5871	1	-1	0
5872	1	-1	0
5873	1	1	1
5874	1	-1	0
5875	1	1	1
5876	1	-1	0
5877	1	-1	0
5878	1	-1	0
5879	1	-1	0
5880	1	1	1
5881	1	-1	0
5882	1	-1	0
5883	1	-1	0
5884	1	-1	0
5885	1	1	1
5886	1	-1	0
5887	1	1	1
5888	1	-1	0
5889	1	-1	0
5890	1	-1	0
5891	1	-1	0
5892	1	-1	0
5893	1	-1	0
5894	1	-1	0
5895	1	-1	0
5896	1	1	1
5897	1	1	1
5898	1	1	1
5899	1	-1	0
5900	1	1	1
5901	1	-1	0
5902	1	-1	0
5903	1	-1	0
5904	1	1	1
5905	1	1	1
5906	1	1	1
5907	1	-1	0
5908	-1	-1	1
5909	1	1	1
5910	1	-1	0
5911	1	-1	0
5912	1	-1	0
5913	1	-1	0
5914	1	-1	0
5915	1	1	1
5916	-1	1	0
5917	-1	-1	1
5918	1	-1	0
5919	1	1	1
5920	1	-1	0
5921	-1	-1	1
5922	-1	-1	1
5923	1	-1	0
5924	1	-1	0
5925	1	-1	0
5926	-1	1	0
5927	1	-1	0
5928	1	-1	0
5929	1	-1	0
5930	-1	1	0
5931	1	-1	0
5932	1	-1	0
5933	1	-1	0
5934	1	1	1
5935	1	-1	0
5936	1	-1	0
5937	1	1	1
5938	1	-1	0
5939	1	-1	0
5940	1	-1	0
5941	1	-1	0
5942	1	-1	0
5943	1	-1	0
5944	1	1	1
5945	1	-1	0
5946	1	1	1
5947	1	1	1
5948	1	-1	0
5949	1	-1	0
5950	1	-1	0
5951	1	1	1
5952	1	1	1
5953	1	-1	0
5954	1	-1	0
5955	1	-1	0
5956	-1	-1	1
5957	1	1	1
5958	1	-1	0
5959	1	-1	0
5960	1	-1	0
5961	1	-1	0
5962	1	-1	0
5963	1	-1	0
5964	1	1	1
5965	1	-1	0
5966	1	-1	0
5967	1	-1	0
5968	1	-1	0
5969	1	-1	0
5970	1	-1	0
5971	1	-1	0
5972	1	1	1
5973	1	-1	0
5974	1	-1	0
5975	-1	-1	1
5976	1	-1	0
5977	-1	-1	1
5978	1	-1	0
5979	-1	-1	1
5980	1	-1	0
5981	1	1	1
5982	1	-1	0
5983	1	-1	0
5984	1	-1	0
5985	1	-1	0
5986	1	-1	0
5987	1	-1	0
5988	-1	1	0
5989	1	-1	0
5990	1	-1	0
5991	-1	-1	1
5992	1	1	1
5993	-1	-1	1
5994	1	1	1
5995	1	-1	0
5996	1	-1	0
5997	1	-1	0
5998	1	-1	0
5999	1	-1	0
6000	1	-1	0
6001	1	-1	0
6002	-1	-1	1
6003	1	-1	0
6004	1	1	1
6005	1	1	1
6006	1	1	1
6007	1	-1	0
6008	-1	-1	1
6009	1	-1	0
6010	1	-1	0
6011	1	-1	0
6012	1	1	1
6013	1	1	1
6014	1	-1	0
6015	1	-1	0
6016	1	-1	0
6017	-1	-1	1
6018	1	-1	0
6019	1	-1	0
6020	-1	-1	1
6021	1	-1	0
6022	1	-1	0
6023	1	-1	0
6024	-1	-1	1
6025	1	-1	0
6026	1	1	1
6027	1	-1	0
6028	1	1	1
6029	1	-1	0
6030	1	-1	0
6031	1	1	1
6032	-1	-1	1
6033	1	-1	0
6034	1	1	1
6035	-1	1	0
6036	1	1	1
6037	-1	-1	1
6038	1	-1	0
6039	1	1	1
6040	1	-1	0
6041	1	-1	0
6042	-1	-1	1
6043	1	1	1
6044	-1	-1	1
6045	1	1	1
6046	1	-1	0
6047	1	-1	0
6048	-1	-1	1
6049	1	-1	0
6050	1	-1	0
6051	1	-1	0
6052	-1	-1	1
6053	1	1	1
6054	1	-1	0
6055	1	-1	0
6056	-1	1	0
6057	1	1	1
6058	1	1	1
6059	1	-1	0
6060	1	-1	0
6061	1	-1	0
6062	1	1	1
6063	1	-1	0
6064	1	-1	0
6065	1	1	1
6066	-1	1	0
6067	-1	-1	1
6068	1	-1	0
6069	1	-1	0
6070	1	-1	0
6071	1	-1	0
6072	1	1	1
6073	1	-1	0
6074	1	-1	0
6075	1	-1	0
6076	-1	1	0
6077	1	-1	0
6078	1	1	1
6079	1	1	1
6080	1	-1	0
6081	-1	1	0
6082	-1	-1	1
6083	1	1	1
6084	1	-1	0
6085	1	-1	0
6086	1	-1	0
6087	1	-1	0
6088	1	1	1
6089	1	1	1
6090	1	-1	0
6091	1	-1	0
6092	1	-1	0
6093	1	-1	0
6094	1	-1	0
6095	1	-1	0
6096	1	-1	0
6097	1	-1	0
6098	1	-1	0
6099	-1	1	0
6100	-1	-1	1
6101	1	-1	0
6102	1	-1	0
6103	1	-1	0
6104	1	1	1
6105	1	-1	0
6106	1	1	1
6107	1	-1	0
6108	-1	1	0
6109	1	-1	0
6110	1	-1	0
6111	1	-1	0
6112	1	-1	0
6113	1	1	1
6114	1	-1	0
6115	1	-1	0
6116	-1	1	0
6117	1	-1	0
6118	1	-1	0
6119	1	-1	0
6120	1	-1	0
6121	1	-1	0
6122	-1	1	0
6123	1	-1	0
6124	1	-1	0
6125	1	-1	0
6126	1	-1	0
6127	1	-1	0
6128	1	-1	0
6129	1	-1	0
6130	1	-1	0
6131	1	1	1
6132	1	-1	0
6133	1	1	1
6134	1	-1	0
6135	1	-1	0
6136	1	-1	0
6137	1	-1	0
6138	1	-1	0
6139	1	-1	0
6140	1	-1	0
6141	1	-1	0
6142	1	-1	0
6143	1	-1	0
6144	1	-1	0
6145	1	1	1
6146	1	-1	0
6147	1	-1	0
6148	1	1	1
6149	-1	1	0
6150	1	-1	0
6151	1	1	1
6152	1	1	1
6153	1	-1	0
6154	1	1	1
6155	1	-1	0
6156	1	-1	0
6157	1	-1	0
6158	1	1	1
6159	1	-1	0
6160	1	-1	0
6161	1	-1	0
6162	1	1	1
6163	1	1	1
6164	1	-1	0
6165	1	-1	0
6166	1	1	1
6167	-1	1	0
6168	1	-1	0
6169	1	-1	0
6170	1	-1	0
6171	1	-1	0
6172	1	-1	0
6173	-1	-1	1
6174	1	-1	0
6175	1	-1	0
6176	1	-1	0
6177	1	-1	0
6178	1	1	1
6179	-1	1	0
6180	1	1	1
6181	-1	-1	1
6182	1	-1	0
6183	1	-1	0
6184	1	-1	0
